42774546
42774615
42774822
42774885
42774918
42774920
42774948
42774968
42775396
42775397
42775445
42775526
42775559
42775626
42775792
42775803
42775807
42775809
42775812
42775814
42775827
42775829
42775945
42775985
42775986
42776026
42776027
42776036
42776039
42776041
42776061
42776062
42776074
42776092
42776093
42776095
42776165
42776166
42776184
42776196
42776495
42776510
42776511
42776512
42776513
42776514
42776515
42776516
42776517
42776519
42776520
42776521
42776522
42776523
42776524
42776539
42776540
42776541
42776542
42776543
42776544
42776545
42776546
42776547
42776548
42776549
42776550
42776551
42776552
42776553
42776554
42776555
42776556
42776557
42776558
42776559
42776563
42776566
42776567
42776572
42776589
42776591
42776597
42776602
42776605
42776606
42776625
42776897
42776898
42776941
42777017
42777076
42777150
42777159
42777160
42777171
42777172
42777180
42777183
42777184
42777185
42777186
42777187
42777188
42777190
42777191
42777216
42777217
42777218
42777219
42777220
42777221
42777223
42777224
42777226
42777235
42777241
42777242
42777243
42777244
42777245
42777246
42777247
42777248
42777249
42777250
42777251
42777252
42777253
42777255
42777257
42777289
42777290
42777312
42777313
42777382
42777526
42777601
42777602
42777686
42777687
42777710
42777731
42777732
42777733
42777734
42777749
42777750
42777751
42777752
42777785
42777795
42777796
42777833
42777834
42777835
42777856
42777910
42777929
42777930
42777932
42777933
42777953
42777954
42777967
42777968
42777969
42777970
42777971
42778026
42778041
42778124
42778139
42778140
42778141
42778142
42778143
42778144
42778145
42778146
42778147
42778148
42778149
42778153
42778154
42778172
42778184
42778186
42778211
42778212
42778213
42778214
42778215
42778216
42778218
42778220
42778221
42778222
42778223
42778224
42778225
42778226
42778227
42778228
42778299
42778322
42778337
42778338
42778339
42778340
42778341
42778343
42778344
42778345
42778394
42778485
42778494
42778495
42778501
42778577
42778579
42778580
42778581
42778590
42778593
42778596
42778599
42778601
42778602
42778607
42778608
42778609
42778612
42778616
42778648
42778657
42778658
42778661
42778692
42778693
42778694
42778697
42778698
42778699
42778701
42778702
42778703
42778704
42778705
42778727
42778733
42778737
42778745
42778763
42778764
42778765
42778766
42778767
42778784
42778786
42778956
42778957
42779083
42779125
42779154
42779197
42779302
42779304
42779309
42779329
42779330
42779332
42779333
42779335
42779337
42779339
42779340
42779341
42779343
42779344
42779366
42779375
42779410
42779419
42779506
