42624837
42624881
42624882
42624883
42624884
42624885
42624896
42624902
42624944
42624967
42625035
42625039
42625040
42625044
42625064
42625108
42625110
42625177
42625192
42625211
42625215
42625251
42625255
42625281
42625298
42625336
42625347
42625370
42625373
42625374
42625399
42625401
42625426
42625508
42625510
42625519
42625521
42625523
42625526
42625549
42626844
42626922
42626938
42626946
42626947
42626949
42626950
42626974
42626980
42626982
42627092
42627098
42627109
42627113
42627114
42627116
42627119
42627120
42627122
42627149
42627184
42627200
42627204
42627309
42627310
42627311
42627312
42627313
42627334
42627353
42627354
42627366
42627371
42627374
42627408
42627645
42627647
42627650
42627651
42627652
42627653
42627654
42627655
42627656
42627657
42627659
42627683
42627684
42627689
42627690
42627691
42627692
42627699
42627700
42627701
42627708
42627712
42627750
42627756
42627757
42627811
42627859
42627948
42627953
42627957
42627987
42627988
42627994
42628004
42628025
42628035
42628036
42628037
42628039
42628139
42628140
42628173
42628174
42628175
42628315
42628316
42628317
42628472
42628524
42628526
42628527
42628528
42628552
42628553
42628554
42628555
42628556
42628557
42628558
42628559
42628656
42628664
42628665
42628666
42628732
42628733
42628772
42628786
42628798
42628799
42628800
42628801
42628802
42628812
42628835
42628836
42628837
42628838
42628839
42628840
42628970
42628975
42628983
42628985
42628997
42628998
42628999
42629001
42629002
42629101
42629167
42629171
42629172
42629173
42629189
42629199
42629200
42629201
42629232
42629275
