42817881
42817886
42817893
42817906
42819571
42820334
42820348
42820402
42820403
42820458
42820477
42820489
42820589
42820605
42820639
42820644
42820645
42820659
42820660
42820661
42820665
42820666
42820667
42820674
42820677
42820678
42820689
42820761
42820770
42820779
42820783
42820793
42820799
42820800
42820801
42820802
42820828
42820870
42820897
42820904
42820945
42820967
42820968
42820969
42820970
42821256
42821257
42821258
42821267
42821268
42821270
42821272
42821274
42821276
42821278
42821279
42821283
42821285
42821286
42821287
42821289
42821290
42821292
42821295
42821298
42821299
42821300
42821301
42821302
42821303
42821304
42821310
42821314
42821327
42821340
42821352
42821354
42821355
42821433
42821436
42821443
42821634
42821646
42821651
42821663
42821668
42821669
42821671
42821676
42821688
42821692
42821693
42821694
42821696
42821703
42821705
42821736
42821737
42821738
42821740
42821741
42821743
42821744
42821745
42821815
42821816
42821817
42821818
42821819
42821820
42821821
42821823
42821832
42821833
42821834
42821835
42821841
42821842
42821843
42821844
42821845
42821846
42821847
42821848
42821849
42821850
42821865
42821987
42821990
42821994
42821999
42822011
42822013
42822184
42822185
42822186
42822187
42822446
42822462
42822463
42822464
42822465
42822466
42822467
42822468
42822469
42822470
42822471
42822472
42822473
42822474
42822475
42822476
42822477
42822478
42822479
42822480
42822481
42822482
42822483
42822484
42822485
42822486
42822487
42822488
42822489
42822494
42822495
42822573
42822574
42822575
42822576
42822577
42822578
42822586
42822587
42822588
42822659
42822661
42822662
42822686
42822698
42822699
42822768
42822769
42822770
42822771
42822772
42822773
42822774
42822775
42822776
42822777
42822797
42822798
42822847
42822848
42822851
42822984
42822985
42822986
42822987
42822988
42822989
42822990
42823058
42823059
42823060
42823061
42823062
42823069
42823070
42823071
42823072
42823074
42823075
42823076
42823077
42823078
42823079
42823080
42823081
42823082
42823083
42823091
42823105
42823119
42823210
42823266
42823330
42823331
42823332
42823333
42823334
42823338
42823339
42823350
42823427
42823432
42823433
42823434
42823435
42823450
42823462
42823464
42823480
42823482
42823485
42823486
42823493
42823498
42823505
42823506
42823507
42823622
42823640
42823695
42823733
42823746
42823785
42823888
42823911
42823939
