42824378
42824561
42824702
42824995
42824998
42825341
42825390
42825398
42825450
42825474
42825480
42825481
42825482
42825483
42825495
42825516
42825518
42825629
42825630
42825631
42825732
42825733
42825738
42825739
42825923
42826012
42826013
42826014
42826015
42826027
42826028
42826029
42826030
42826031
42826032
42826033
42826034
42826035
42826037
42826038
42826039
42826040
42826041
42826059
42826060
42826064
42826065
42826094
42826110
42826158
42826159
42826219
42826220
42826247
42826249
42826349
42826360
42826371
42826379
42826380
42826439
42826440
42826494
42826502
42826504
42826512
42826514
42826585
42826622
42826623
42826624
42826625
42826703
42826704
42826705
42826706
42826707
42826713
42826718
42826719
42826728
42826788
42826858
42826907
42826993
42826995
42826996
42826997
42826998
42827000
42827028
42827065
42827101
42827116
42827117
42827125
42827130
42827131
42827132
42827135
42827144
42827147
42827148
42827248
42827265
42827276
42827375
42827377
42827390
42827394
42827402
42827412
42827414
