42755695
42756960
42757031
42757372
42757431
42757432
42757560
42757622
42757695
42757699
42757701
42757703
42757714
42757716
42757771
42757787
42757810
42757812
42757823
42757824
42757831
42757853
42757874
42757924
42758037
42758039
42758049
42758059
42758060
42758061
42758062
42758063
42758064
42758068
42758069
42758070
42758122
42758145
42758202
42758304
42758305
42758484
42758486
42758487
42758488
42758489
42758490
42758494
42758497
42758499
42758500
42758501
42758503
42758512
42758514
42758532
42758534
42758540
42758542
42758543
42758548
42758550
42758552
42758555
42758557
42758558
42758560
42758566
42758568
42758574
42758580
42758639
42758645
42758951
42758957
42758958
42758959
42758960
42758963
42758966
42759060
42759061
42759139
42759140
42759142
42759143
42759213
42759230
42759233
42759234
42759235
42759262
42759263
42759505
42759506
42759516
42759517
42759525
42759526
42759527
42759528
42759529
42759530
42759531
42759575
42759605
42759606
42759607
42759647
42759682
42759683
42759684
42759685
42759710
42759711
42759712
42759713
42759714
42759715
42759716
42759717
42759718
42759719
42759720
42759721
42759722
42759739
42759740
42759741
42759742
42759743
42759744
42759745
42759746
42759747
42759748
42759749
42759750
42759751
42759752
42759753
42759754
42759755
42759858
42759859
42759893
42759898
42759946
42759949
42759965
42759966
42759975
42759976
42759977
42759978
42759979
42759980
42759985
42759988
42759989
42759990
42759991
42759992
42759994
42759995
42759999
42760000
42760001
42760002
42760003
42760004
42760005
42760006
42760007
42760008
42760009
42760010
42760011
42760012
42760013
42760014
42760016
42760017
42760018
42760019
42760020
42760021
42760022
42760040
42760044
42760045
42760046
42760047
42760048
42760049
42760050
42760051
42760052
42760053
42760054
42760055
42760056
42760057
42760058
42760059
42760060
42760061
42760062
42760102
42760103
42760106
42760107
42760108
42760115
42760116
42760117
42760118
42760126
42760127
42760128
42760129
42760165
42760238
42760248
42760252
42760261
42760264
42760265
42760267
42760286
42760294
42760295
42760296
42760297
42760299
42760306
42760307
42760336
42760338
42760340
42760387
42760504
42760539
42760566
42760596
42760599
42760605
42760624
42760753
42760801
42760806
42760847
42760862
42760889
42760894
