42562881
42562898
42562899
42562919
42562938
42562964
42562965
42563212
42563367
42563369
42563371
42563411
42563464
42563488
42563543
42563545
42563548
42563607
42564803
42564826
42565138
42565362
42565455
42565467
42565471
42565501
42565506
42565508
42565510
42565545
42565548
42565551
42565557
42565652
42565655
42565656
42565657
42565658
42565664
42565685
42565725
42565765
42565815
42565824
42566001
42566005
42566030
42566036
42566198
42566200
42566201
42566202
42566203
42566204
42566205
42566206
42566207
42566208
42566209
42566211
42566212
42566225
42566233
42566255
42566257
42566259
42566260
42566267
42566271
42566275
42566276
42566280
42566283
42566285
42566297
42566298
42566303
42566381
42566651
42566654
42566655
42566718
42566719
42566722
42566723
42566724
42566725
42566726
42566727
42566728
42566748
42566758
42566759
42566761
42566762
42566770
42566776
42566781
42566941
42567025
42567162
42567163
42567171
42567172
42567173
42567174
42567175
42567199
42567205
42567206
42567227
42567228
42567259
42567328
42567329
42567330
42567331
42567393
42567405
42567460
42567461
42567462
42567468
42567469
42567478
42567531
42567534
42567543
42567545
42567546
42567548
42567554
42567555
42567556
42567557
42567560
42567682
42567686
42567692
42567693
42567694
42567695
42567697
42567698
42567702
42567703
42567704
42567756
42567835
42567839
42567844
42567845
42567846
42567850
42567883
42567889
42567894
42567895
42567903
42567904
42567907
42567927
42567928
42567929
42567955
42567956
42568037
42568038
42568051
42568078
42568095
