42608390
42608453
42608471
42608482
42608536
42608540
42608576
42608586
42608587
42608595
42608602
42608696
42608698
42608714
42608719
42608725
42608728
42608736
42608737
42608794
42608795
42608799
42608802
42608818
42608828
42608862
42608863
42608866
42608879
42608901
42609029
42609168
42609172
42609182
42609183
42609184
42609713
42609866
42610025
42610235
42610248
42610249
42610260
42610262
42610264
42610266
42610267
42610269
42610271
42610273
42610274
42610275
42610276
42610277
42610279
42610412
42610413
42610414
42610415
42610416
42610417
42610418
42610419
42610420
42610421
42610423
42610424
42610425
42610426
42610428
42610429
42610430
42610431
42610449
42610455
42610456
42610461
42610474
42610476
42610520
42610541
42610542
42610557
42610569
42610570
42610573
42610574
42610579
42610581
42610582
42610583
42610585
42610589
42610591
42610592
42610601
42610633
42610699
42610715
42610717
42610728
42610751
42610754
42610768
42610770
42610785
42610930
42610992
42611023
42611042
42611049
42611062
42611063
42611064
42611192
42611196
42611323
42611529
42611555
42611595
42611613
42611620
42611642
42611670
42611671
42611685
42611778
42611779
42611783
42611791
42611794
42611796
42611804
42611962
42611968
42611979
42612016
42612039
42612044
42612084
42612086
42612087
42612155
42612158
42612160
42612162
42612165
42612181
42612199
42612206
42612209
42612210
42612311
42612342
42612343
42612450
42612507
42612515
42612516
42612517
42612518
42612617
42612618
42612619
42612620
42612635
42612637
42612638
42612639
42612644
42612645
42612646
42612647
42612648
42612649
42612650
42612651
42612654
42612655
42612656
42612657
42612658
42612659
42612660
42612661
42612662
42612663
42612664
42612665
42612666
42612667
42612668
42612669
42612686
42612717
42612726
42612734
42612787
42612788
42612789
42612790
42612796
42612802
42612803
42612804
42612805
42612806
42612807
42612808
42612809
42612810
42612815
42612865
42612870
42612871
42612876
42612881
42612882
42612883
42612884
42612891
42612892
42612901
42612902
42612903
42612907
42612933
42612966
42612967
42612968
42612985
42612986
42613014
42613019
42613020
42613024
42613025
42613033
42613045
42613046
42613070
42613072
42613073
42613074
42613075
42613084
42613085
42613086
42613087
42613090
42613092
42613093
42613094
42613135
42613136
42613139
42613150
42613167
42613169
42613170
42613172
42613186
42613193
42613194
42613283
42613284
42613285
42613288
42613307
42613310
42613313
42613314
