42751148
42751195
42751414
42751753
42751780
42751781
42751786
42751787
42751833
42751916
42751942
42752061
42752131
42752134
42752138
42752144
42752154
42752167
42752334
42752349
42752374
42752385
42752387
42752390
42752422
42752436
42752444
42752512
42752513
42752531
42752532
42752533
42752535
42752536
42752537
42752538
42752539
42752545
42752550
42752551
42752552
42752553
42752554
42752556
42752557
42752558
42752564
42752581
42752583
42752592
42752597
42752607
42752729
42752731
42752737
42752744
42752746
42752749
42752751
42752754
42752764
42752783
42752785
42752789
42752791
42752792
42752799
42752800
42752803
42752824
42752830
42752831
42752832
42752833
42752834
42752835
42752836
42752837
42752838
42752839
42752851
42752855
42752868
42752875
42752878
42752888
42752965
42752966
42752967
42753106
42753112
42753134
42753143
42753149
42753150
42753154
42753177
42753195
42753197
42753202
42753203
42753207
42753208
42753209
42753210
42753211
42753212
42753213
42753229
42753240
42753242
42753250
42753254
42753287
42753300
42753301
42753322
42753323
42753723
42753736
42753737
42753749
42753750
42753751
42753752
42753753
42753754
42753755
42753756
42753757
42753758
42753759
42753760
42753761
42753762
42753763
42753770
42753771
42753772
42753773
42753774
42753775
42753776
42753777
42753778
42753783
42753858
42753859
42753937
42753938
42753940
42753941
42753987
42753988
42753994
42753995
42753996
42753997
42753998
42753999
42754000
42754001
42754002
42754039
42754040
42754041
42754042
42754043
42754044
42754045
42754046
42754047
42754048
42754049
42754050
42754051
42754052
42754053
42754078
42754079
42754080
42754090
42754091
42754092
42754094
42754095
42754141
42754239
42754255
42754256
42754259
42754293
42754294
42754295
42754296
42754297
42754298
42754299
42754300
42754302
42754369
42754386
42754387
42754388
42754389
42754390
42754406
42754430
42754473
42754474
42754542
42754620
42754621
42754622
42754623
42754624
42754641
42754684
42754698
42754711
42754712
42754721
42754722
42754723
42754724
42754728
42754897
42754967
42754968
42754970
42754971
42754973
42754974
42754976
42754977
42755010
42755030
42755040
42755043
42755046
42755085
42755097
42755107
42755112
42755113
42755121
42755122
42755124
42755126
42755127
42755128
42755136
42755138
42755139
42755140
42755154
42755157
42755165
42755167
42755173
42755175
42755179
42755227
42755261
42755266
42755273
42755275
42755291
42755347
42755406
42755447
