42779511
42779529
42780934
42781377
42781453
42781714
42781734
42781762
42781772
42781776
42781781
42781804
42781806
42781881
42781882
42781898
42781952
42782004
42782052
42782054
42782105
42782107
42782114
42782116
42782120
42782126
42782132
42782166
42782170
42782175
42782185
42782188
42782193
42782202
42782208
42782211
42782224
42782225
42782244
42782245
42782246
42782284
42782298
42782304
42782308
42782312
42782508
42782726
42782919
42783196
42783197
42783244
42783246
42783348
42783349
42783350
42783351
42783353
42783354
42783355
42783357
42783358
42783359
42783360
42783361
42783362
42783363
42783365
42783366
42783378
42783379
42783380
42784252
42784253
42784279
42784335
42784440
42784441
42784442
42784446
42784516
42784525
42784530
42784532
42784533
42784669
42784670
42784675
42784676
42784688
42784692
42784694
42784700
42784702
42784703
42784704
42784706
42784726
42784729
42784731
42784773
42784776
42784777
42784778
42784779
42784781
42784787
42784788
42784789
42784790
42784791
42784792
42784793
42784794
42784810
42784816
42784867
42784868
42784939
42784940
42784941
42784942
42784943
42785113
42785152
42785226
42785227
42785228
42785229
42785237
42785238
42785271
42785272
42785273
42785274
42785275
42785276
42785293
42785302
42785303
42785304
42785315
42785316
42785317
42785318
42785319
42785320
42785321
42785322
42785323
42785324
42785325
42785326
42785327
42785328
42785329
42785330
42785331
42785332
42785333
42785334
42785335
42785337
42785338
42785339
42785340
42785423
42785424
42785461
42785462
42785463
42785464
42785465
42785470
42785471
42785476
42785481
42785498
42785513
42785514
42785515
42785516
42785517
42785518
42785519
42785541
42785568
42785569
42785570
42785605
42785606
42785607
42785608
42785609
42785610
42785611
42785612
42785615
42785674
42785675
42785676
42785677
42785683
42785684
42785700
42785711
42785733
42785737
42785740
42785744
42785745
42785748
42785754
42785755
42785788
42785789
42785790
42785791
42785794
42785796
42785797
42785798
42785800
42785801
42785802
42785803
42785804
42785805
42785806
42785807
42785809
42785961
42785978
42785979
42785980
42785981
42785987
42785988
42786124
42786132
42786196
42786197
42786198
42786199
42786200
42786212
42786216
42786225
42786226
42786227
42786250
42786259
42786260
42786261
42786262
42786288
42786304
42786305
42786378
42786422
42786509
42786518
42786543
42786551
42786562
42786565
42786572
42786576
42786578
42786580
42786582
42786595
42786615
42786630
42786640
42786643
42786668
42786713
42786729
42786788
42786805
42786909
42786922
42786927
42786937
42786962
