42642357
42642370
42642466
42642467
42642473
42642499
42642504
42642563
42642564
42642565
42642621
42642633
42642634
42642635
42642640
42642651
42642652
42642661
42642662
42642663
42642764
42642771
42642806
42642807
42642808
42642900
42643046
42643065
42643086
42643097
42643101
42643111
42643113
42643116
42643126
42643129
42643152
42643161
42643200
42643795
42643929
42644221
42644229
42644242
42644243
42644244
42644281
42644287
42644290
42644311
42644317
42644320
42644344
42644369
42644370
42644371
42644413
42644469
42644471
42644474
42644479
42644480
42644483
42644484
42644486
42644487
42644490
42644512
42644549
42644550
42644551
42644563
42644615
42644661
42644675
42644676
42644677
42644678
42644679
42644690
42644691
42644721
42644724
42644757
42644774
42644779
42644780
42644781
42644782
42644783
42644784
42644785
42644786
42644800
42644801
42644806
42644834
42644847
42644852
42644855
42644861
42644866
42644887
42645557
42645558
42645559
42645686
42646743
42646745
42646746
42646828
42646832
42646833
42646834
42646845
42646846
42646847
42646848
42646850
42646903
42646904
42646906
42646907
42646908
42646921
42646922
42646923
42646924
42646926
42647019
42647021
42647022
42647023
42647024
42647025
42647026
42647029
42647030
42647031
42647032
42647034
42647035
42647036
42647038
42647039
42647043
42647044
42647045
42647054
42647062
42647066
42647068
42647071
42647073
42647152
42647166
42647225
42647379
42647690
42647691
42647692
42647736
42647745
42647747
42647751
42647754
42647765
42647766
42647767
42647783
42647784
42647785
42647786
42647787
42647788
42647791
42647795
42647796
42647797
42647798
42647799
42647800
42647801
42647802
42647803
42647804
42647805
42647806
42647807
42647808
42647809
42647810
42647811
42647812
42647813
42647856
42647859
42647866
42647867
42647869
42648295
42648296
42648297
42648299
42648300
42648301
42648302
42648303
42648304
42648305
42648306
42648307
42648308
42648368
42648369
42648370
42648373
42648394
42648398
42648400
42648401
42648402
42648420
42648421
42648422
42648423
42648446
42648447
42648448
42648458
42648459
42648460
42648461
42648462
42648467
42648481
42648482
42648483
42648484
42648485
42648486
42648487
42648517
42648622
42648753
42648754
42648755
42648756
42648757
42648759
42648761
42648762
42648763
42648764
42648765
42648766
42648768
42648870
42648881
42648887
42648888
42648894
42648895
42648900
42648906
42648907
42649079
42649103
42649111
42649112
42649242
42649243
42649249
42649256
42649257
42649258
42649259
42649277
42649278
42649286
42649287
42649290
42649291
42649293
42649298
42649300
42649302
42649312
42649313
42649371
42649377
42649378
42649392
42649394
42649405
42649411
42649466
42649503
42649508
42649527
42655906
42655937
42655953
42655984
42655985
42656017
42656031
42656034
42656047
42656167
42656172
42656828
42656880
42657242
42657455
42657472
42657473
42657474
42657476
42657485
42657489
42657498
42657531
42657590
42657628
42657634
42657656
42657660
42657753
42657770
42657772
42657773
42657774
42657779
42657782
42657787
42657788
42657793
42657796
42657797
42657799
42657800
42657801
42657859
42657917
42657919
42657922
42657923
42657925
42657926
42657927
42657929
42657935
42657939
42657940
42657942
42657944
42657945
42657946
42657949
42657952
42657953
42657956
42657958
42657996
42657997
42657998
42657999
42658001
42658007
42658036
42658041
42658047
42658064
42658082
42658107
42658114
42658149
42658183
42658186
42658187
42658188
42658201
