42808155
42808167
42808173
42808205
42808215
42808572
42808593
42808599
42808601
42808602
42808605
42808608
42808651
42808654
42808694
42808698
42808733
42808739
42808764
42808768
42808784
42808787
42808793
42808829
42808830
42808831
42808848
42808874
42808876
42808921
42808922
42808924
42808925
42808926
42808927
42808933
42808937
42808938
42808944
42808953
42808984
42809004
42809007
42809017
42809217
42809221
42809241
42809243
42809281
42809295
42809296
42809297
42809298
42809299
42809300
42809301
42809302
42809303
42809344
42809347
42809354
42809358
42809359
42809361
42809365
42809368
42809378
42809456
42809510
42809513
42809524
42809531
42809651
42809655
42809661
42809675
42809702
42809706
42809707
42809708
42809714
42809720
42809725
42809745
42809768
42809769
42809772
42809773
42809776
42809799
42809800
42809801
42809802
42809803
42809804
42809805
42809807
42809812
42809813
42809814
42809815
42809816
42809817
42809818
42809827
42809829
42809839
42809894
42809897
42809994
42809995
42810148
42810149
42810150
42810342
42810343
42810353
42810354
42810355
42810357
42810366
42810367
42810368
42810369
42810371
42810372
42810373
42810376
42810377
42810379
42810409
42810411
42810420
42810421
42810427
42810428
42810429
42810430
42810431
42810494
42810514
42810515
42810516
42810517
42810518
42810526
42810562
42810586
42810611
42810612
42810640
42810656
42810657
42810690
42810695
42810704
42810705
42810730
42810733
42810736
42810745
42810746
42810755
42810760
42810764
42810765
42810766
42810768
42810769
42810814
42810815
42810819
42810820
42810821
42810822
42810823
42810824
42810847
42810848
42810849
42810850
42810856
42810857
42810859
42810882
42810907
42810919
42810920
42810978
42810989
42810990
42810995
42810996
42811008
42811011
42811015
42811045
42811063
42811067
42811068
42811072
42811073
42811089
42811090
42811091
42811092
42811093
42811094
42811095
42811096
42811099
42811148
42811149
42811172
42811176
42811183
42811187
42811188
42811189
42811190
42811191
42811198
42811277
42811278
42811280
42811282
42811284
42811286
42811331
42811335
42811336
42811340
42811349
42811354
42811393
42811397
42811398
42811409
42811410
42811411
42811415
42811428
42811435
42811438
42811446
42811447
42811451
42811454
42811455
42811471
42811476
42811477
42811479
42811480
42811482
42811516
42811521
42811524
42811542
42811543
42811622
42811737
42811755
42811792
42811883
42811939
42811958
42812005
42812008
42812033
42812121
42812124
