42634084
42634098
42634099
42634146
42634283
42634284
42634299
42634301
42634325
42634357
42634437
42634580
42634585
42634592
42634851
42634892
42634895
42634945
42634961
42634964
42634970
42635069
42635109
42635149
42635178
42635183
42635185
42635186
42635188
42635189
42635190
42635249
42635250
42635258
42635289
42635291
42635292
42635302
42635330
42635332
42635338
42635339
42635350
42635356
42635359
42635369
42635376
42635381
42635442
42635469
42635470
42635473
42635474
42635477
42635479
42635490
42635524
42635527
42635552
42635554
42635563
42635595
42635598
42635604
42635756
42635982
42635992
42635994
42635995
42635998
42635999
42636000
42636001
42636002
42636004
42636006
42636007
42636008
42636010
42636011
42636013
42636014
42636015
42636016
42636017
42636018
42636057
42636058
42636065
42636066
42636067
42636100
42636113
42636114
42636145
42636151
42636156
42636157
42636161
42636215
42636256
42636265
42636269
42636270
42636296
42636297
42636298
42636299
42636300
42636301
42636302
42636303
42636304
42636305
42636306
42636307
42636308
42636309
42636310
42636311
42636312
42636313
42636314
42636315
42636316
42636317
42636332
42636420
42636421
42636448
42636449
42636450
42636451
42636452
42636453
42636454
42636614
42636712
42636799
42636800
42636826
42636827
42636828
42636829
42636830
42636831
42636832
42636833
42636834
42636835
42636836
42636837
42636838
42636839
42636840
42636841
42636842
42636843
42636845
42636846
42636847
42636848
42636849
42636850
42636851
42636852
42636853
42636854
42636855
42636856
42636965
42636977
42636981
42636995
42636996
42636997
42637046
42637047
42637048
42637049
42637050
42637051
42637052
42637053
42637054
42637055
42637112
42637113
42637114
42637171
42637172
42637175
42637212
42637213
42637214
42637215
42637238
42637239
42637268
42637269
42637270
42637271
42637272
42637273
42637275
42637276
42637278
42637519
42637520
42637521
42637522
42637524
42637525
42637526
42637527
42637532
42637534
42637550
42637551
