42840135
42840242
42840804
42840806
42841076
42841184
42841190
42841191
42841198
42841273
42841313
42841319
42841446
42841543
42841549
42841557
42841588
42841589
42841590
42841591
42841614
42841617
42841618
42841624
42841714
42841739
42841766
42841767
42841770
42841771
42841776
42841799
42841803
42841806
42841819
42841823
42841824
42841835
42841836
42841837
42841838
42841839
42841840
42841841
42841842
42841843
42841844
42841845
42841846
42841917
42841946
42841947
42842217
42842218
42842221
42842222
42842237
42842238
42842239
42842240
42842241
42842242
42842243
42842244
42842256
42842257
42842259
42842260
42842261
42842262
42842264
42842265
42842266
42842267
42842268
42842269
42842270
42842271
42842272
42842273
42842274
42842275
42842276
42842277
42842279
42842280
42842281
42842282
42842303
42842312
42842316
42842324
42842329
42842335
42842338
42842358
42842391
42842394
42842420
42842566
42842567
42842568
42842619
42842620
42842621
42842622
42842784
42842785
42842786
42842839
42842847
42842849
42842850
42842851
42842852
42842853
42842854
42842855
42842865
42842866
42842867
42842872
42842873
42842874
42842876
42842877
42842878
42842879
42842880
42842882
42842883
42842884
42842885
42842886
42842888
42842889
42842901
42842903
42842904
42842905
42842906
42842907
42842908
42842909
42842910
42842911
42842912
42842913
42842914
42842915
42842916
42842917
42842918
42842919
42842920
42842921
42842929
42842939
42842940
42842942
42842945
42842950
42843067
42843092
42843121
42843122
42843123
42843172
42843173
42843174
42843209
42843210
42843318
42843319
42843320
42843336
42843341
42843342
42843343
42843344
42843345
42843356
42843357
42843358
42843359
42843360
42843361
42843362
42843363
42843364
42843365
42843366
42843367
42843368
42843369
42843370
42843387
42843388
42843389
42843391
42843392
42843393
42843394
42843396
42843397
42843398
42843399
42843400
42843428
42843562
42843580
42843581
42843582
42843583
42843590
42843614
42843615
42843690
42843691
42843704
42843705
42843725
42843726
42843727
42843728
42843814
42843823
42843824
42843839
42843840
42843841
42843842
42843848
42843849
42843850
42843851
42843853
42843856
42843857
42843858
42843859
42843888
42843897
42843898
42843968
42843969
42843970
42843972
42843991
42843992
42843993
42843994
42843997
42843998
42843999
42844000
42844001
42844025
42844027
42844123
42844148
42844149
42844238
42844266
42844272
42844288
42844290
42844291
42844292
42844313
42844314
42844334
42844335
42844339
42844345
42844346
42844363
42844413
42844414
42844430
42844431
42844432
42844438
42844439
42844446
42844465
42844467
42844469
42844473
42844476
42844481
42844483
42844619
42844630
42844631
42844632
42844637
42844665
42844678
42844684
42844768
42844776
42844816
42844829
42844923
42844944
42845037
42845039
42845040
42845041
42845042
42845043
42845044
42845046
42845047
42845048
42845052
42845056
42845057
42845058
42845059
42845062
42845097
42845110
