42576238
42576243
42576250
42576311
42576447
42576448
42576450
42576457
42576475
42576543
42576785
42576808
42576811
42576812
42576981
42577027
42577801
42578265
42578279
42578282
42578312
42578376
42578476
42578513
42578558
42578559
42578585
42578586
42578587
42578656
42578724
42578729
42578741
42578807
42578812
42578814
42578816
42578817
42578819
42578821
42578822
42578893
42578894
42578895
42578896
42578897
42578899
42578900
42578913
42578918
42578927
42578942
42578946
42578950
42578957
42578966
42578969
42578980
42578981
42578996
42578997
42578998
42578999
42579000
42579001
42579284
42579287
42579288
42579290
42579294
42579295
42579298
42579299
42579300
42579304
42579306
42579392
42579515
42579524
42579531
42579537
42579538
42579565
42579596
42579597
42579598
42579599
42579600
42579601
42579602
42579603
42579604
42579609
42579613
42579628
42579808
42579812
42579819
42579823
42579824
42579825
42579826
42579827
42579828
42579829
42579830
42579833
42579837
42579870
42579969
42579970
42579973
42579974
42579975
42579998
42580000
42580001
42580099
42580345
42580350
42580352
42580353
42580356
42580357
42580358
42580416
42580417
42580418
42580432
42580466
42580467
42580468
42580469
42580470
42580473
42580474
42580487
42580488
42580515
42580516
42580533
42580559
42580560
42580651
42580662
42580671
42580688
42580739
42580740
42580741
42580748
42580753
42580754
42580762
42580764
42580767
42580768
42580769
42580771
42580772
42580776
42580867
42580871
42580872
42580874
42580875
42580876
42580877
42580878
42580879
42580905
42580934
42580995
