42544705
42544783
42544784
42544821
42544843
42544923
42544924
42544934
42544939
42544942
42544961
42544991
42544997
42545006
42545033
42545069
42545070
42545071
42545097
42545101
42545170
42545171
42545218
42545301
42545302
42545303
42545304
42545305
42545306
42545372
42545469
42545680
42545681
42545683
42545684
42545685
42545686
42545687
42545688
42545689
42545690
42545691
42545692
42545693
42545694
42545695
42545696
42545705
42545706
42545707
42545709
42545710
42545711
42545712
42545713
42545714
42545715
42545716
42545717
42545718
42545724
42545725
42545732
42545735
42545737
42545738
42545739
42545740
42545745
42545747
42545749
42545752
42545753
42545754
42545755
42545758
42545759
42545760
42545800
42545803
42545811
42545878
42545881
42545952
42546010
42546011
42546017
42546034
42546097
42546100
42546101
42546102
42546103
42546104
42546105
42546106
42546107
42546108
42546109
42546117
42546141
42546144
42546155
42546167
42546169
42546230
42546231
42546232
42546233
42546234
42546235
42546236
42546237
42546238
42546239
42546240
42546241
42546242
42546243
42546244
42546245
42546246
42546247
42546248
42546251
42546252
42546253
42546254
42546255
42546256
42546257
42546258
42546259
42546260
42546264
42546299
42546300
42546301
42546302
42546303
42546304
42546305
42546306
42546307
42546308
42546309
42546310
42546311
42546312
42546313
42546314
42546548
42546549
42546602
42546697
42546698
42546699
42546705
42546721
42546722
42546723
42546724
42546725
42546726
42546727
42546728
42546730
42546731
42546790
42546812
42546839
42546865
42546866
42546867
42546879
42546921
42546922
42546923
42546924
42546951
42546952
42546953
42546954
42546955
42546963
42546964
42546975
42547001
42547002
42547061
42547082
42547083
42547085
42547115
42547116
42547117
42547163
42547164
42547165
42547166
42547167
42547168
42547169
42547199
42547200
42547201
42547202
42547203
42547204
42547212
42547214
42547215
42547216
42547217
42547218
42547219
42547222
42547249
42547250
42547251
42547311
42547314
42547408
42547413
42547518
42547525
42547550
42547569
42547582
42547583
42547585
42547586
42547619
42547622
42547623
42547690
42547715
42547757
