42703758
42703760
42703771
42703776
42703787
42703797
42703802
42703926
42703939
42703943
42703964
42704001
42704091
42704092
42704095
42704103
42704105
42704144
42704229
42704242
42704256
42704263
42704275
42704284
42704311
42704320
42704324
42704325
42704326
42704327
42704407
42704479
42704673
42704676
42704691
42704708
42704722
42704895
42704896
42704897
42704898
42704899
42704900
42704901
42704902
42704903
42704904
42705108
42705129
42705143
42705144
42705145
42705146
42705236
42705246
42705247
42705249
42705250
42705251
42705252
42705253
42705254
42705255
42705256
42705257
42705258
42705343
42705346
42705347
42705348
42705349
42705350
42705351
42705352
42705353
42705378
42705379
42705392
42705429
42705445
42705473
42705474
42705493
42705494
42705516
42705534
42705535
42705569
42705580
42705581
42705588
42705589
42705590
42705636
42705637
42705642
42705643
42705646
42705659
42705674
42705678
42705679
42705680
42705681
42705682
42705683
42705684
42705692
42705693
42705694
42705695
42705696
42705697
42705698
42705699
42705700
42705701
42705704
42705705
42705706
42705707
42705708
42705903
42705904
42705905
42705906
42705936
42706306
42706307
42706313
42706314
42706340
42706341
42706346
42706369
42706370
42706418
42706419
42706482
42706533
42706543
42706572
42706573
42706575
42706577
42706578
42706619
42706699
42706821
42706890
42706895
42706896
42706904
42706910
42706914
42706951
42706961
42706963
42706964
42706986
42707015
42707034
42707050
