42663626
42663980
42663983
42663985
42663993
42663995
42663996
42663997
42663998
42664000
42664001
42664002
42664003
42664004
42664017
42664020
42664067
42664097
42664110
42664366
42664383
42664473
42664477
42664483
42664485
42664488
42664489
42664499
42664500
42664501
42664532
42664658
42664659
42664660
42664661
42664662
42664663
42664739
42664740
42664749
42664954
42664955
42664956
42664957
42664958
42664964
42664979
42664980
42664985
42665022
42665023
42665024
42665025
42665087
42665088
42665089
42665112
42665113
42665126
42665175
42665176
42665177
42665178
42665201
42665209
42665216
42665241
42665267
42665310
42665312
42665318
42665319
42665320
42665321
42665322
42665323
42665324
42665325
42665326
42665327
42665328
42665330
42665357
42665358
42665362
42665363
42665364
42665365
42665433
42665434
42665454
42665468
42665469
42665470
42665531
42665532
42665570
42665571
42665603
42665636
42665637
42665670
42665672
42665680
42665838
42665869
42665926
42666012
42666014
42666027
42666029
42666039
42666041
42666048
42666085
42666091
42666092
42666096
42666104
