42658227
42658259
42658482
42658486
42658487
42658504
42658505
42658506
42658507
42658508
42658509
42658514
42658515
42658516
42658518
42658519
42658520
42658521
42658522
42658523
42658524
42658525
42658526
42658527
42658528
42658529
42658531
42658533
42658535
42658537
42658542
42658543
42658546
42658547
42658575
42658576
42658577
42658585
42658613
42658641
42658658
42658664
42658665
42658667
42658692
42658927
42658930
42658933
42658934
42658940
42658949
42658955
42658956
42659028
42659576
42659577
42659578
42659579
42659580
42659581
42659582
42659583
42659588
42659589
42659590
42659591
42659592
42659593
42659594
42659596
42659597
42659602
42659612
42659615
42659640
42659647
42659648
42659761
42659769
42659770
42659784
42659797
42659798
42659835
42659836
42659837
42659936
42659937
42660113
42660122
42660126
42660127
42660128
42660129
42660130
42660131
42660132
42660133
42660134
42660135
42660136
42660137
42660138
42660139
42660140
42660141
42660142
42660143
42660144
42660145
42660146
42660147
42660148
42660149
42660150
42660151
42660152
42660153
42660154
42660156
42660157
42660158
42660159
42660160
42660161
42660162
42660164
42660165
42660166
42660167
42660178
42660204
42660205
42660213
42660214
42660215
42660216
42660217
42660218
42660219
42660226
42660227
42660234
42660235
42660236
42660237
42660256
42660257
42660258
42660259
42660260
42660261
42660262
42660263
42660374
42660375
42660376
42660377
42660380
42660381
42660429
42660430
42660431
42660432
42660433
42660434
42660435
42660436
42660538
42660539
42660544
42660583
42660584
42660585
42660588
42660589
42660591
42660593
42660594
42660596
42660598
42660599
42660606
42660607
42660608
42660609
42660610
42660611
42660612
42660613
42660614
42660615
42660616
42660617
42660618
42660626
42660627
42660628
42660638
42660649
42660650
42660651
42660704
42660705
42660706
42660712
42660713
42660738
42660739
42660744
42660812
42660856
42660857
42660859
42660860
42660861
42660864
42660865
42660888
42660974
42660975
42660985
42661029
42661052
42661053
42661054
42661055
42661056
42661058
42661059
42661060
42661061
42661069
42661098
42661099
42661100
42661137
42661140
42661144
42661146
42661156
42661200
42661203
42661221
42661277
42661283
42661289
42661307
42661309
42661313
42661314
42661322
42661349
42661357
42661358
42661362
42661378
42661390
42661392
42661393
42661396
42661417
42661418
42661420
42661421
42661425
42661426
42661450
42661452
42661461
42661464
42661471
42661493
42661496
42661530
42661531
42661572
42661578
42661948
42662145
42662166
42662193
42662542
42662908
42662909
42662913
42663029
42663032
42663040
42663043
42663055
42663056
42663057
42663089
42663111
42663112
42663124
42663125
42663127
42663162
42663164
42663165
42663169
42663174
42663178
42663235
42663237
42663246
42663265
42663275
42663284
42663291
42663297
42663301
42663303
42663312
42663314
42663323
42663325
42663327
42663332
42663333
42663334
42663335
42663336
42663354
42663355
42663356
42663357
42663358
42663359
42663360
42663361
42663379
42663381
42663385
42663388
42663397
42663417
42663418
42663419
42663420
42663422
42663424
42663425
42663431
42663510
42663523
42663524
42663527
42663528
42663529
42663536
42663561
42663571
42663574
42663577
42663598
