42787470
42787719
42787721
42787738
42787867
42788257
42788383
42788384
42788386
42788387
42788389
42788390
42788392
42788393
42788396
42788397
42788398
42788400
42788401
42788403
42788441
42788470
42788620
42788631
42788645
42788648
42788651
42788658
42788667
42788684
42788692
42788754
42788814
42788816
42788850
42788867
42788869
42788887
42788916
42788917
42788921
42788922
42788928
42788929
42788930
42788965
42788969
42788983
42789098
42789259
42789260
42789272
42789273
42789277
42789278
42789281
42789283
42789285
42789286
42789287
42789288
42789289
42789290
42789338
42789353
42789357
42789359
42789377
42789378
42789456
42789459
42789477
42789481
42789483
42789493
42789494
42789495
42789496
42789530
42789535
42789683
42789743
42789746
42789750
42789751
42789752
42789754
42789816
42789817
42789818
42789819
42789820
42789821
42789822
42789823
42789824
42789825
42789826
42789827
42789828
42789830
42789918
42789922
42789934
42789935
42789936
42789965
42789984
42790204
42790235
42790236
42790275
42790286
42790416
42790417
42790422
42790423
42790424
42790425
42790436
42790437
42790438
42790439
42790440
42790441
42790442
42790443
42790444
42790445
42790446
42790447
42790448
42790449
42790450
42790454
42790455
42790456
42790457
42790458
42790596
42790597
42790604
42790624
42790625
42790687
42790693
42790694
42790734
42790735
42790736
42790764
42790777
42790778
42790779
42790780
42790781
42790782
42790783
42790784
42790785
42790786
42790791
42790792
42790793
42790794
42790795
42790796
42790797
42790798
42790803
42790835
42790836
42790837
42790838
42790839
42790840
42790846
42790854
42790855
42790856
42790857
42790858
42790859
42790860
42790861
42790883
42790892
42790893
42790894
42790895
42790896
42790897
42790898
42790899
42790929
42790931
42790932
42790951
42790952
42790953
42790955
42790956
42790981
42790989
42790990
42790991
42790992
42790993
42790994
42791044
42791045
42791046
42791048
42791049
42791050
42791058
42791059
42791191
42791193
42791196
42791201
42791206
42791226
42791269
42791304
42791305
42791316
42791373
42791374
42791375
42791376
42791387
42791388
42791496
42791549
42791574
42791581
42791607
42791635
42791640
42791657
42791662
42791665
42798158
42798242
