42770210
42770213
42770214
42770216
42770220
42770221
42770223
42770225
42770242
42770243
42770244
42770245
42770246
42770254
42770321
42770334
42770396
42770488
42770518
42770545
42770547
42770562
42770563
42770646
42770656
42770657
42770660
42770666
42770667
42770680
42770697
42770704
42770812
42770816
42770862
42770865
42770910
42770916
42770917
42770918
42770919
42770920
42770928
42770948
42770957
42770976
42771003
42771018
42771019
42771176
42771181
42771182
42771474
42771478
42771481
42771581
42771583
42771584
42771591
42771592
42771720
42771721
42771768
42771785
42771802
42771818
42771819
42771820
42771821
42771822
42771831
42771837
42771842
42771846
42771889
42771919
42771920
42771942
42771951
42771952
42772282
42772283
42772294
42772295
42772296
42772297
42772298
42772313
42772314
42772315
42772316
42772317
42772318
42772319
42772320
42772321
42772347
42772348
42772349
42772350
42772425
42772426
42772430
42772432
42772447
42772448
42772449
42772450
42772587
42772590
42772591
42772592
42772593
42772594
42772595
42772596
42772621
42772622
42772636
42772637
42772638
42772639
42772640
42772641
42772642
42772643
42772644
42772645
42772646
42772679
42772698
42772741
42772748
42772761
42772763
42772771
42772782
42772783
42772784
42772786
42772787
42772789
42772791
42772792
42772793
42772795
42772796
42772799
42772819
42772857
42772858
42772859
42772860
42772861
42772898
42772899
42772900
42772989
42772990
42773097
42773125
42773152
42773153
42773163
42773173
42773175
42773176
42773181
42773207
42773208
42773209
42773210
42773211
42773212
42773234
42773235
42773236
42773307
42773310
42773466
42773480
42773516
42773518
42773525
42773526
42773527
42773544
42773548
42773586
42773682
42773684
42773686
42773700
42773721
42773730
42773747
42773894
42773924
42773926
42773929
42773941
42773942
42773944
42773978
42773983
