42741445
42741451
42741738
42741810
42741825
42741827
42741829
42741831
42741835
42741837
42741845
42741853
42741886
42741963
42742030
42742097
42742110
42742118
42742157
42742161
42742169
42742174
42742175
42742179
42742180
42742181
42742182
42742183
42742184
42742185
42742213
42742214
42742215
42742259
42742263
42742269
42742272
42742280
42742283
42742287
42742315
42742361
42742362
42742405
42742407
42742409
42742496
42742497
42742515
42742517
42742519
42742531
42742575
42742576
42742577
42742579
42742580
42742581
42742582
42742584
42742586
42742587
42742588
42742589
42742590
42742591
42742592
42742594
42742595
42742596
42742597
42742598
42742599
42742600
42742601
42742602
42742603
42742604
42742605
42742606
42742607
42742608
42742609
42742610
42742611
42742612
42742614
42742615
42742616
42742617
42742619
42742620
42742621
42742626
42742627
42742634
42742635
42742865
42742932
42742971
42742974
42743004
42743012
42743029
42743030
42743063
42743064
42743069
42743210
42743229
42743243
42743245
42743383
42743392
42743394
42743435
42743436
42743437
42743440
42743441
42743443
42743444
42743445
42743446
42743447
42743448
42743449
42743455
42743459
42743537
42743544
42743548
42743551
42743585
42743590
42743664
42743680
42743690
42743702
42743860
42743884
42743885
42743886
42743887
42743888
42743889
42743911
42743912
42743913
42743921
42743928
42743931
42743932
42743935
42743936
42743937
42743938
42743939
42743946
42744011
42744066
42744067
42744068
42744069
42744070
42744071
42744113
42744152
42744167
42744170
42744244
42744245
42744249
42744272
42744273
42744302
42744303
42744304
42744305
42744310
42744321
42744322
42744332
42744333
42744334
42744336
42744337
42744338
42744339
42744340
42744341
42744344
42744345
42744346
42744347
42744348
42744349
42744350
42744391
42744392
42744393
42744394
42744395
42744396
42744397
42744398
42744399
42744400
42744401
42744402
42744403
42744404
42744522
42744523
42744524
42744525
42744526
42744563
42744564
42744565
42744566
42744587
42744588
42744589
42744591
42744592
42744593
42744594
42744595
42744598
42744599
42744604
42744605
42744865
42744896
42744897
42744915
42744916
42744976
42744977
42745016
42745017
42745054
42745055
42745056
42745269
42745288
42745344
42745422
42745423
42745433
42745456
42745463
42745474
42745477
42745479
42745482
42745489
42745491
42745495
42745502
42745546
42745548
42745557
42745558
42745597
42745614
