42572133
42572136
42572139
42572140
42572147
42572148
42572244
42572383
42572406
42572408
42572420
42572440
42572444
42572445
42572452
42572882
42572901
42572911
42572931
42573142
42573143
42573145
42573147
42573150
42573158
42573163
42573165
42573166
42573170
42573183
42573184
42573185
42573186
42573188
42573191
42573353
42573389
42573391
42573399
42573409
42573413
42573415
42573420
42573432
42573445
42573453
42573454
42573461
42573475
42573498
42573499
42573505
42573516
42573521
42573541
42573554
42573556
42573572
42573583
42573734
42573740
42573741
42573742
42573743
42573981
42573985
42573987
42573988
42573989
42573990
42573991
42573992
42573993
42573994
42573995
42573996
42573997
42573998
42574001
42574002
42574003
42574006
42574007
42574008
42574009
42574019
42574020
42574021
42574022
42574023
42574024
42574026
42574027
42574029
42574031
42574032
42574033
42574034
42574042
42574043
42574050
42574058
42574063
42574065
42574071
42574076
42574090
42574136
42574140
42574208
42574284
42574295
42574321
42574322
42574324
42574325
42574348
42574415
42574465
42574514
42574515
42574516
42574517
42574518
42574519
42574520
42574521
42574527
42574532
42574561
42574578
42574579
42574580
42574581
42574582
42574656
42574667
42574684
42574695
42574725
42574726
42574727
42574728
42574729
42574730
42574731
42574732
42574737
42574739
42574740
42574814
42574892
42575085
42575093
42575094
42575099
42575100
42575110
42575111
42575112
42575113
42575114
42575115
42575116
42575117
42575118
42575119
42575120
42575234
42575235
42575275
42575276
42575277
42575279
42575300
42575301
42575302
42575304
42575305
42575317
42575318
42575319
42575320
42575321
42575324
42575325
42575335
42575336
42575348
42575405
42575406
42575407
42575408
42575409
42575473
42575501
42575508
42575513
42575518
42575559
42575563
42575564
42575567
42575568
42575569
42575571
42575572
42575631
42575632
42575633
42575634
42575635
42575636
42575637
42575638
42575639
42575640
42575641
42575642
42575643
42575644
42575645
42575646
42575647
42575648
42575649
42575650
42575651
42575652
42575653
42575654
42575655
42575656
42575657
42575658
42575659
42575660
42575661
42575662
42575663
42575664
42575665
42575666
42575667
42575668
42575671
42575685
42575691
42575692
42575714
42575717
42575722
42575725
42575758
42575762
42575794
42575795
42575796
42575845
42575850
42575851
42575862
42575863
42575864
42575866
42575929
42575930
42575951
42575952
42575953
42575954
42575964
42575984
42575985
42575986
42575987
42575988
42575989
42576005
42576007
42576008
42576031
42576034
