42734063
42734077
42734088
42734189
42734208
42734212
42734213
42734215
42734218
42734221
42734222
42734223
42734244
42734304
42734305
42734306
42734307
42734483
42734487
42734599
42734600
42734601
42734653
42734904
42734905
42734907
42734908
42734909
42734910
42734911
42734930
42734931
42734932
42734933
42734934
42734935
42734937
42734938
42734950
42734951
42734952
42734953
42734954
42734955
42734956
42734958
42734959
42734960
42734961
42734988
42735028
42735031
42735033
42735034
42735037
42735039
42735073
42735220
42735221
42735222
42735223
42735224
42735225
42735226
42735227
42735228
42735368
42735369
42735375
42735377
42735380
42735382
42735384
42735385
42735401
42735402
42735406
42735407
42735408
42735409
42735410
42735411
42735412
42735413
42735414
42735415
42735416
42735417
42735418
42735419
42735420
42735421
42735422
42735459
42735586
42735616
42735617
42735678
42735679
42735680
42735681
42735684
42735691
42735692
42735814
42735815
42735828
42735873
42735910
42735915
42735916
42735921
42735927
42735929
42735943
42735945
42735946
42736017
42736019
42736027
42736029
42736030
42736032
42736033
42736034
42736035
42736040
42736042
42736088
42736326
42736327
42736338
42736346
42736348
42736349
42736350
42736351
42736362
42736387
42736395
42736402
42736431
42736432
42736436
42736437
42736438
42736439
42736440
42736441
42736442
42736443
42736522
42736570
42736600
42736608
42736711
42736716
42740347
42740369
42740378
42740380
42740389
42740398
42740411
42740426
42740444
42740449
42740452
42740460
42740490
42740506
42740511
42740517
42740518
42740529
42740541
42740575
42740576
42740584
42740585
42740588
42740594
42740604
42740620
42740637
42740642
42740649
42740650
42740659
42740680
42740685
42740688
42740693
42740704
