42586957
42587001
42587009
42587010
42587024
42587025
42587033
42587034
42587035
42587051
42587052
42587053
42587054
42587090
42587119
42587122
42587123
42587147
42587148
42587154
42587156
42587158
42587162
42587178
42587179
42587193
42587297
42587304
42587308
42587309
42587314
42587349
42587350
42587353
42587354
42587379
42587427
42587430
42587431
42587433
42590848
42590954
42590970
42591003
42591054
42591062
42592744
42592786
42592827
42592831
42592833
42592835
42592840
42592842
42592843
42592844
42592847
42592850
42592852
42592856
42592857
42592858
42593167
42593178
42593179
42593180
42593222
42593247
42593265
42593270
42593273
42593280
42593282
42593391
42593537
42593538
42593766
42593767
42593768
42593769
42593770
42593771
42593772
42593773
42593774
42593775
42593776
42593777
42593778
42593780
42593782
42593784
42593785
42593797
42593798
42593799
42593800
42593801
42593802
42593803
42593804
42593806
42593808
42593809
42593810
42593812
42593813
42593814
42593816
42593819
42593862
42593874
42593876
42593958
42594019
42594031
42594032
42594052
42594155
42594156
42594159
42594181
42594189
42594195
42594202
42594205
42594207
42594210
42594248
42594314
42594315
42594316
42594317
42594318
42594319
42594320
42594321
42594322
42594334
42594337
42594346
42594347
42594377
42594378
42594381
42594382
42594383
42594384
42594388
42594402
42594670
42594675
42594697
42594747
42594748
42594845
42594871
42594872
42594874
42594875
42594876
42594877
42594878
42594899
42594900
42594901
42594902
42594903
42594904
42594905
42594906
42594907
42594908
42594909
42594910
42594911
42594912
42594913
42594914
42594923
42594924
42594926
42594927
42594928
42594929
42594930
42594931
42594932
42594934
42594935
42595037
42595038
42595039
42595091
42595092
42595128
42595129
42595130
42595131
42595132
42595133
42595134
42595135
42595136
42595137
42595138
42595139
42595140
42595141
42595142
42595168
42595240
42595244
42595245
42595275
42595276
42595277
42595278
42595279
42595286
42595287
42595288
42595296
42595297
42595342
42595343
42595345
42595376
42595379
42595391
42595392
42595440
42595447
42595473
42595474
42595477
42595494
42595638
42595656
42595657
42595726
42595732
42595733
