42581034
42581039
42581042
42581066
42581074
42581093
42581133
42581134
42581135
42581136
42581137
42581216
42581217
42581227
42581228
42581229
42581230
42581242
42581243
42581363
42581396
42581397
42581415
42581424
42581431
42581435
42581556
42581576
42581594
42581604
42581608
42581634
42581679
42581680
42581686
42581707
42581709
42581779
42583229
42583399
42583759
42583791
42583793
42583797
42583799
42583801
42583821
42583837
42583869
42583886
42583988
42583989
42583990
42583991
42583992
42583993
42584024
42584071
42584078
42584084
42584086
42584100
42584106
42584173
42584185
42584186
42584189
42584195
42584196
42584197
42584202
42584203
42584217
42584225
42584229
42584370
42584379
42584380
42584381
42584382
42584383
42584384
42584385
42584393
42584467
42584499
42584660
42584665
42584666
42584682
42584880
42584881
42584882
42584883
42584884
42584886
42584887
42584898
42584899
42584900
42584901
42584902
42584903
42584904
42584905
42584906
42584907
42584908
42584909
42584910
42584911
42584912
42584913
42584914
42584915
42584916
42584917
42584918
42584943
42584944
42584952
42584954
42584955
42584957
42584962
42585117
42585128
42585298
42585573
42585584
42585592
42585594
42585601
42585602
42585603
42585604
42585605
42585606
42585607
42585608
42585609
42585610
42585611
42585612
42585613
42585629
42585631
42585632
42585633
42585634
42585635
42585636
42585637
42585638
42585639
42585640
42585642
42585643
42585644
42585645
42585647
42585648
42585649
42585650
42585652
42585653
42585654
42585655
42585656
42585657
42585658
42585659
42585660
42585661
42585662
42585663
42585730
42585765
42585992
42586003
42586004
42586063
42586064
42586065
42586075
42586076
42586077
42586078
42586079
42586080
42586081
42586082
42586083
42586084
42586085
42586086
42586087
42586088
42586089
42586090
42586091
42586092
42586093
42586094
42586095
42586096
42586097
42586098
42586099
42586100
42586101
42586105
42586106
42586107
42586108
42586111
42586112
42586113
42586114
42586115
42586116
42586169
42586185
42586186
42586187
42586188
42586189
42586190
42586191
42586267
42586268
42586269
42586270
42586271
42586272
42586273
42586274
42586293
42586298
42586299
42586300
42586301
42586302
42586303
42586304
42586316
42586352
42586406
42586443
42586493
42586494
42586496
42586519
42586521
42586552
42586559
42586564
42586569
42586570
42586571
42586577
42586578
42586581
42586600
42586602
42586712
42586756
42586757
42586764
42586765
42586826
42586909
42586929
