42618556
42618600
42618601
42618602
42618603
42618604
42618605
42618615
42618621
42618631
42618632
42618633
42618634
42618635
42618636
42618642
42618699
42618700
42618701
42618729
42618730
42618731
42618732
42618758
42618759
42618770
42618771
42618774
42618781
42618782
42618784
42618785
42618792
42618796
42618811
42618897
42618936
42618951
42618968
42619018
42619225
42619244
42619250
42619253
42619279
42619286
42619287
42619308
42619315
42619324
42619328
42619377
42619397
42619431
42619512
42619534
42619536
42619540
42619594
42619625
42619636
42620965
42621113
42621701
42621761
42621775
42621776
42621795
42621800
42622085
42622087
42622094
42622095
42622102
42622103
42622108
42622109
42622110
42622112
42622117
42622121
42622124
42622257
42622258
42622260
42622335
42622336
42622348
42622496
42622604
42622675
42622804
42623028
42623029
42623030
42623031
42623033
42623035
42623036
42623037
42623042
42623043
42623044
42623045
42623047
42623048
42623049
42623050
42623051
42623053
42623056
42623059
42623066
42623082
42623085
42623086
42623087
42623088
42623089
42623090
42623093
42623094
42623095
42623096
42623097
42623098
42623099
42623100
42623101
42623102
42623103
42623104
42623106
42623111
42623112
42623113
42623119
42623129
42623131
42623141
42623142
42623149
42623154
42623157
42623158
42623169
42623207
42623208
42623301
42623305
42623396
42623436
42623469
42623476
42623484
42623530
42623531
42623532
42623533
42623534
42623535
42623536
42623537
42623538
42623539
42623540
42623541
42623542
42623543
42623544
42623545
42623546
42623567
42623570
42623571
42623572
42623573
42623574
42623575
42623576
42623577
42623578
42623579
42623580
42623581
42623582
42623583
42623584
42623585
42623586
42623587
42623666
42623670
42623672
42623673
42623674
42623675
42623676
42623677
42623678
42623679
42623680
42623681
42623682
42623683
42623684
42623685
42623686
42623687
42623688
42623689
42623715
42623759
42623835
42623867
42623975
42624046
42624047
42624048
42624109
42624113
42624136
42624137
42624138
42624139
42624140
42624141
42624142
42624143
42624144
42624145
42624146
42624147
42624148
42624149
42624150
42624151
42624152
42624153
42624154
42624155
42624156
42624157
42624192
42624194
42624195
42624196
42624197
42624246
42624286
42624287
42624290
42624312
42624372
42624373
42624374
42624375
42624389
42624390
42624391
42624392
42624393
42624396
42624410
42624411
42624412
42624497
42624500
42624503
42624504
42624508
42624509
42624511
42624515
42624516
42624517
42624518
42624519
42624521
42624522
42624523
42624524
42624534
42624535
42624538
42624539
42624540
42624541
42624542
42624543
42624544
42624545
42624546
42624547
42624548
42624549
42624550
42624551
42624552
42624553
42624570
42624571
42624639
42624640
42624703
42624704
42624705
42624773
42624774
42624775
42624803
42624804
42624805
42624806
42624807
42624808
42624809
42624810
42624811
42624813
42624814
42624815
42624816
42624817
42624818
