42556248
42556281
42556282
42556283
42556339
42556340
42556341
42556342
42556343
42556344
42556354
42556355
42556356
42556357
42556358
42556359
42556360
42556361
42556362
42556363
42556364
42556365
42556366
42556367
42556368
42556369
42556371
42556372
42556376
42556377
42556378
42556432
42556433
42556434
42556475
42556476
42556511
42556560
42556561
42556572
42556620
42556621
42556626
42556628
42556629
42556630
42556683
42556688
42556689
42556731
42556732
42556733
42556734
42556735
42556736
42556737
42556738
42556739
42556740
42556741
42556742
42556789
42556799
42556808
42556812
42556817
42556820
42556822
42556824
42556827
42556854
42556855
42556856
42556857
42556858
42556860
42556861
42556862
42556864
42556865
42556866
42556867
42556868
42556872
42556873
42556875
42556876
42556877
42556878
42556965
42556966
42556967
42556968
42556995
42556996
42557008
42557030
42557031
42557039
42557048
42557052
42557053
42557054
42557058
42557060
42557061
42557062
42557063
42557064
42557164
42557167
42557168
42557243
42557313
42557314
42557315
42557316
42557317
42557318
42557320
42557321
42557324
42557325
42557328
42557329
42557330
42557331
42557333
42557335
42557336
42557350
42557358
42557379
42557389
42557391
42557392
42557393
42557394
42557402
42557403
42557404
42557446
42557458
42557498
42557499
42557577
42557582
42557598
42557599
42557601
42557602
42557613
42557614
42557615
42557761
42557764
42557805
42557812
42557872
42557880
42557882
42557960
42558032
42558062
42558067
42559677
42559753
42560004
42560005
42560006
42560007
42560008
42560020
42560033
42560116
42560124
42560130
42560133
42560137
42560328
42560363
42560379
42560525
42560539
42560540
42560671
42560682
42560685
42560686
42560688
42560689
42560692
42560693
42560694
42560695
42560696
42560697
42560698
42560700
42560702
42560703
42560707
42560710
42560711
42560712
42560713
42560714
42560715
42560716
42560717
42560718
42560719
42560720
42560721
42560722
42560723
42560724
42560725
42560727
42560728
42560730
42560763
42560768
42560777
42560788
42560789
42560790
42560791
42560792
42560793
42560794
42560795
42560796
42560797
42560798
42560799
42560800
42560853
42560861
42560866
42560885
42560920
42560921
42560922
42560923
42561052
42561064
42561074
42561099
42561100
42561119
42561120
42561126
42561127
42561128
42561130
42561142
42561167
42561172
42561173
42561174
42561175
42561176
42561177
42561178
42561179
42561180
42561182
42561183
42561185
42561186
42561188
42561216
42561262
42561376
42561384
42561404
42561410
42561411
42561414
42561415
42561416
42561417
42561418
42561419
42561426
42561718
42561719
42561720
42561721
42561722
42561764
42561765
42561828
42561829
42561946
42561947
42561948
42561949
42561964
42561965
42561966
42561967
42561968
42561969
42561970
42561971
42561972
42561973
42561974
42561975
42561976
42561979
42561980
42561985
42561986
42561994
42561995
42562034
42562035
42562036
42562091
42562092
42562093
42562094
42562095
42562096
42562097
42562098
42562099
42562100
42562101
42562102
42562103
42562116
42562145
42562146
42562147
42562157
42562158
42562159
42562166
42562209
42562284
42562389
42562397
42562398
42562399
42562407
42562408
42562409
42562410
42562412
42562413
42562414
42562415
42562417
42562418
42562419
42562420
42562421
42562422
42562586
42562587
42562588
42562589
42562590
42562591
42562594
42562595
42562596
42562597
42562598
42562599
42562600
42562601
42562756
42562757
42562758
42562767
42562768
42562770
42562797
42562811
42562846
