42711790
42711811
42711957
42712011
42712038
42712041
42712058
42712070
42712073
42712076
42712079
42712086
42712093
42712096
42712098
42712101
42712104
42712107
42712110
42712120
42712125
42712141
42712150
42712152
42712156
42712185
42712189
42712216
42713026
42713696
42713740
42713876
42713910
42713917
42713963
42713979
42713981
42714007
42714017
42714024
42714031
42714033
42714034
42714038
42714042
42714045
42714046
42714047
42714048
42714049
42714053
42714059
42714061
42714064
42714068
42714071
42714073
42714074
42714076
42714077
42714169
42714223
42714225
42714228
42714241
42714242
42714245
42714252
42714296
42714297
42714299
42714308
42714358
42714359
42714360
42714361
42714364
42714365
42714366
42714400
42714473
42714474
42714564
42714565
42714830
42714831
42714834
42714839
42714840
42714867
42714868
42714869
42714872
42714874
42714875
42714878
42714879
42714880
42714881
42714882
42714883
42714884
42714885
42714887
42714889
42714890
42714891
42714892
42714894
42714895
42714896
42714897
42714898
42714899
42714900
42714901
42714902
42714903
42714904
42714919
42714920
42714921
42714923
42714924
42714928
42714930
42714931
42714934
42714946
42714947
42714959
42714961
42714965
42714968
42715004
42715162
42715254
42715363
42715385
42715387
42715389
42715392
42715406
42715407
42715418
42715474
42715475
42715476
42715477
42715478
42715479
42715480
42715481
42715482
42715483
42715484
42715485
42715486
42715505
42715509
42715510
42715511
42715513
42715515
42715516
42715525
42715529
42715531
42715532
42715533
42715534
42715535
42715536
42715537
42715538
42715539
42715540
42715541
42715542
42715543
42715562
42715563
42715564
42715565
42715566
42715567
42715568
42715569
42715570
42715571
42715572
42715573
42715574
42715575
42715576
42715577
42715578
42715579
42715580
42715585
42715586
42715587
42715588
42715589
42715590
42715591
42715592
42715593
42715594
42715595
42715596
42715597
42715598
42715599
42715600
42715601
42715602
42715650
42715716
42715717
42715718
42715779
42715780
42715781
42715782
42715935
42715986
42716007
42716034
42716035
42716036
42716037
42716038
42716039
42716040
42716041
42716042
42716043
42716044
42716045
42716046
42716047
42716048
42716049
42716050
42716051
42716052
42716053
42716054
42716055
42716056
42716057
42716058
42716064
42716065
42716066
42716067
42716068
42716069
42716070
42716073
42716074
42716075
42716076
42716077
42716078
42716079
42716080
42716100
42716118
42716119
42716120
42716121
42716122
42716140
42716169
42716206
42716207
42716208
42716209
42716210
42716211
42716212
42716213
42716214
42716215
42716216
42716217
42716218
42716219
42716242
42716243
42716274
42716380
42716452
42716453
42716457
42716458
42716466
42716523
42716524
42716528
42716531
42716532
42716533
42716551
42716552
42716553
42716554
42716555
42716556
42716557
42716558
42716559
42716560
42716561
42716562
42716563
42716564
42716567
42716568
42716569
42716570
42716603
42716604
42716605
42716606
42716607
42716608
42716609
42716610
42716611
42716612
42716613
42716614
42716615
42716616
42716617
42716618
42716619
42716620
42716621
42716622
42716623
42716624
42716625
42716626
42716627
42716628
42716629
42716630
42716631
42716632
42716669
42716670
42716671
42716672
42716673
42716674
42716707
42716708
42716726
42716778
42716779
42716780
42716781
42716782
42716809
42716826
42716911
42716958
42716959
42716968
42716987
42716988
42716989
42716990
42717006
42717014
42717018
42717027
42717033
42717034
42717035
42717036
42717037
42717056
42717068
42717069
42717070
42717071
42717072
42717073
42717074
42717075
42717081
42717082
42717083
42717084
42717089
42717091
42717092
42717093
42717095
42717097
42717098
42717239
42717278
42717283
42717289
42717366
42717371
42717373
42717377
42717378
42717389
42717419
42717424
42717434
