42683302
42683620
42683621
42683622
42683623
42683624
42683667
42683680
42683684
42683685
42683687
42683691
42683746
42683770
42683777
42683823
42683850
42683967
42683968
42683977
42684006
42684013
42684018
42684044
42684049
42684060
42684095
42684096
42684097
42684111
42684132
42684147
42684148
42684194
42684212
42684217
42684219
42684220
42684221
42684222
42684223
42684224
42684225
42684226
42684227
42684246
42684247
42684248
42684250
42684251
42684254
42684258
42684259
42684264
42684266
42684267
42684268
42684269
42684272
42684273
42684274
42684296
42684298
42684300
42684303
42684304
42684305
42684306
42684307
42684310
42684312
42684333
42684335
42684339
42684343
42684379
42684397
42684404
42684407
42684408
42684671
42684685
42684687
42684689
42684690
42684692
42684693
42684694
42684696
42684697
42684713
42684714
42684718
42684719
42684722
42684723
42684724
42684725
42684728
42684729
42684730
42684733
42684737
42684809
42684830
42684832
42684835
42684836
42684839
42684956
42684957
42684986
42684989
42684992
42684997
42685000
42685001
42685004
42685090
42685128
42685172
42685288
42685289
42685292
42685297
42685298
42685299
42685301
42685302
42685303
42685304
42685316
42685317
42685318
42685319
42685320
42685321
42685322
42685323
42685324
42685325
42685326
42685327
42685328
42685329
42685330
42685331
42685332
42685333
42685334
42685335
42685336
42685344
42685351
42685352
42685381
42685436
42685437
42685438
42685512
42685529
42685530
42685531
42685569
42685570
42685571
42685671
42685673
42685674
42685675
42685700
42685701
42685702
42685726
42685727
42685728
42685729
42685730
42685731
42685734
42685735
42685736
42685737
42685740
42685741
42685762
42685763
42685764
42685765
42685814
42685851
42685897
42685903
42685904
42685905
42685906
42685907
42685908
42685909
42685910
42685926
42685961
42685962
42685963
42685964
42685983
42685984
42686020
42686021
42686022
42686036
42686039
42686046
42686085
42686197
42686201
42686207
42686210
42686212
42686318
42686319
42686320
42686321
42686354
42686355
42686357
42686358
42686360
42686361
42686362
42686364
42686365
42686366
42686368
42686387
42686507
42686538
42686567
42686581
42686648
42686649
42686650
42686651
42686654
42686660
42686803
42686827
42686831
42686832
42686837
42686838
42686839
42686840
42686841
42686858
42686859
42686870
42686873
42686874
42686898
42686900
42686903
42686906
42686908
42686909
42686910
42686993
42686995
42686996
42686997
42686998
42686999
42687000
42687024
42687025
42687029
42687125
42687130
42687134
42687166
42687264
42687328
42687407
42687455
42687456
42687457
42687458
42687459
42687460
42687461
42687462
42687463
42687464
42687469
42687470
42687564
42687633
42687639
42687741
42687742
42687756
42687761
42687766
42687767
42687769
42687770
42687772
42687777
42687799
42687805
42687806
42687807
42687808
42687809
42687812
42687814
42687815
42687817
42687818
42687820
42687821
42687822
42687823
42687828
42687829
42687830
42687832
42687834
42687835
42687836
