42676952
42677099
42677454
42677471
42677479
42677481
42677488
42677491
42677492
42677506
42677597
42677686
42677690
42677701
42677730
42677823
42677826
42677862
42677898
42677905
42677907
42677938
42677942
42678032
42678064
42678067
42678068
42678069
42678070
42678073
42678074
42678077
42678078
42678079
42678086
42678148
42678170
42678183
42678222
42678223
42678224
42678225
42678245
42678247
42678278
42678282
42678307
42678315
42678318
42678319
42678320
42678321
42678322
42678329
42678332
42678333
42678334
42678348
42678379
42678383
42678434
42678435
42678436
42678439
42678714
42678721
42678758
42678762
42678773
42678774
42678776
42678784
42678841
42678842
42678882
42678893
42678899
42678914
42678915
42678920
42678921
42678928
42679013
42679096
42679210
42679307
42679335
42679336
42679337
42679338
42679339
42679340
42679342
42679364
42679379
42679382
42679438
42679439
42679471
42679472
42679486
42679487
42679803
42679804
42679805
42679809
42679810
42679811
42679812
42679828
42679829
42679830
42679831
42679832
42679839
42679840
42679841
42679843
42679862
42679886
42679944
42679945
42679946
42679947
42679974
42680047
42680048
42680074
42680081
42680097
42680100
42680109
42680128
42680129
42680142
42680144
42680157
42680161
42680162
42680164
42680167
42680169
42680171
42680179
42680180
42680181
42680190
42680201
42680226
42680249
42680250
42680251
42680252
42680474
42680477
42680478
42680484
42680485
42680486
42680497
42680498
42680508
42680509
42680512
42680540
42680541
42680542
42680543
42680544
42680545
42680546
42680556
42680557
42680558
42680573
42680579
42680580
42680581
42680582
42680668
42680677
42680703
42680792
42680793
42680794
42680795
42680796
42680797
42680798
42680810
42680822
42680853
42680854
42680855
42680858
42680896
42680939
42680940
42680941
42680950
42680951
42680952
42680953
42680954
42681563
42681564
42681570
42681576
42681577
42681580
42681644
42681647
42681651
42681671
42681680
42681730
42681750
42681751
42681752
42681821
42681823
42681829
42681830
42681841
42681850
42681852
42681860
42681947
42681949
42681972
42681974
42682083
42682084
42682085
42682191
42682199
42682206
42682208
42682217
