42765329
42765341
42765344
42765362
42765437
42765453
42765464
42765471
42765484
42765515
42765522
42765531
42765545
42765553
42765561
42765569
42765570
42765602
42765630
42765636
42765638
42765644
42765646
42765648
42765650
42765651
42765654
42765656
42765657
42765660
42765661
42765663
42765790
42765791
42765799
42765829
42765835
42765908
42765929
42765945
42765953
42765971
42765974
42766003
42766004
42766022
42766285
42766286
42766288
42766289
42766290
42766292
42766294
42766295
42766296
42766297
42766299
42766300
42766303
42766304
42766307
42766308
42766310
42766312
42766314
42766371
42766385
42766386
42766388
42766393
42766418
42766419
42766421
42766426
42766432
42766679
42766680
42766681
42766682
42766683
42766684
42766685
42766686
42766687
42766688
42766689
42766690
42766692
42766693
42766694
42766713
42766721
42766760
42766761
42766762
42766763
42766764
42766765
42766766
42766767
42766780
42766784
42766785
42766804
42766806
42766807
42766810
42766813
42766817
42766822
42766826
42766827
42766828
42766829
42766833
42766834
42766847
42766850
42766851
42766852
42766853
42766854
42766959
42766966
42766975
42766976
42766977
42766980
42766981
42766982
42767105
42767217
42767254
42767255
42767256
42767257
42767258
42767259
42767260
42767282
42767283
42767284
42767285
42767294
42767319
42767320
42767321
42767322
42767323
42767396
42767397
42767417
42767424
42767464
42767465
42767466
42767477
42767478
42767511
42767566
42767584
42767585
42767592
42767593
42767594
42767595
42767596
42767597
42767598
42767605
42767608
42767609
42767610
42767628
42767630
42767648
42767652
42767660
42767671
42767672
42767673
42767674
42767678
42767682
42767692
42767693
42767694
42767695
42767701
42767703
42767704
42767705
42767706
42767707
42767762
42767763
42767764
42767765
42767766
42767825
42767826
42767827
42767828
42767831
42767832
42767833
42767834
42767843
42767928
42767980
42767988
42767989
42768065
42768066
42768097
42768098
42768099
42768100
42768103
42768143
42768144
42768145
42768146
42768169
42768170
42768179
42768191
42768217
42768364
42768382
42768446
42768469
42768712
42768717
42768723
42768726
42768739
42768746
42768770
42768825
42768828
42768833
42768849
42768905
42768979
