42835064
42835070
42835082
42835084
42835094
42835098
42835100
42835112
42835124
42835675
42835773
42835780
42836124
42836264
42836281
42836285
42836296
42836312
42836322
42836337
42836361
42836410
42836423
42836431
42836434
42836437
42836439
42836440
42836521
42836549
42836582
42836583
42836604
42836615
42836629
42836634
42836635
42836651
42836653
42836668
42836671
42836679
42836689
42836700
42836704
42836705
42836707
42836710
42836719
42836720
42836721
42836735
42836774
42836800
42836801
42836802
42836820
42836841
42836860
42836991
42837124
42837130
42837134
42837135
42837136
42837137
42837138
42837139
42837140
42837141
42837142
42837148
42837162
42837164
42837171
42837182
42837183
42837184
42837222
42837227
42837228
42837229
42837230
42837287
42837320
42837323
42837325
42837490
42837495
42837498
42837516
42837517
42837519
42837532
42837533
42837607
42837628
42837632
42837635
42837636
42837645
42837646
42837647
42837652
42837655
42837664
42837665
42837666
42837668
42837669
42837672
42837747
42837805
42837806
42837915
42837916
42837917
42838052
42838058
42838062
42838063
42838064
42838065
42838066
42838068
42838069
42838070
42838071
42838072
42838073
42838074
42838075
42838076
42838077
42838113
42838121
42838172
42838173
42838212
42838221
42838222
42838223
42838224
42838225
42838226
42838227
42838271
42838277
42838311
42838312
42838313
42838314
42838315
42838316
42838317
42838318
42838319
42838320
42838408
42838409
42838410
42838411
42838447
42838448
42838495
42838496
42838497
42838498
42838499
42838500
42838501
42838510
42838514
42838515
42838517
42838518
42838530
42838531
42838592
42838593
42838594
42838595
42838596
42838597
42838598
42838599
42838601
42838602
42838603
42838604
42838605
42838607
42838609
42838610
42838720
42838724
42838725
42838726
42838727
42838738
42838797
42838926
42838929
42838937
42838966
42838969
42839001
42839002
42839003
42839004
42839022
42839027
42839028
42839029
42839030
42839031
42839035
42839036
42839037
42839038
42839060
42839068
42839069
42839070
42839071
42839072
42839073
42839074
42839102
42839103
42839104
42839135
42839145
42839146
42839239
42839240
42839243
42839245
42839269
42839276
42839288
42839303
42839317
42839322
42839383
42839534
42839627
42839671
42839675
42839700
42839723
42839748
42839752
42839755
42839763
42839807
42839858
42839864
