42831461
42831462
42831466
42831469
42831481
42831489
42831506
42831527
42831531
42831534
42831539
42831554
42831565
42831587
42831588
42831589
42831592
42831646
42831735
42831768
42831778
42831781
42831782
42831783
42831784
42831785
42831787
42831833
42831844
42831846
42831847
42831886
42831889
42831899
42831940
42832030
42832037
42832080
42832082
42832196
42832197
42832211
42832212
42832214
42832215
42832216
42832217
42832218
42832219
42832220
42832222
42832223
42832224
42832225
42832227
42832228
42832232
42832233
42832235
42832236
42832237
42832238
42832239
42832240
42832241
42832242
42832243
42832244
42832245
42832303
42832327
42832368
42832369
42832372
42832373
42832380
42832384
42832388
42832394
42832396
42832398
42832420
42832421
42832423
42832426
42832559
42832618
42832619
42832620
42832621
42832622
42832623
42832624
42832625
42832626
42832687
42832689
42832696
42832697
42832699
42832708
42832709
42832710
42832711
42832712
42832713
42832714
42832715
42832716
42832717
42832718
42832719
42832720
42832721
42832722
42832723
42832724
42832725
42832728
42832736
42832737
42832738
42832739
42832740
42832742
42832743
42832751
42832756
42832757
42832762
42832790
42832792
42832793
42832794
42832795
42832796
42832797
42832798
42832799
42832800
42832801
42832802
42832803
42832804
42832805
42832806
42832807
42832808
42832809
42832810
42832811
42832812
42832813
42832816
42833136
42833137
42833138
42833217
42833230
42833231
42833232
42833233
42833234
42833236
42833237
42833240
42833241
42833310
42833311
42833384
42833396
42833397
42833429
42833430
42833431
42833432
42833467
42833481
42833482
42833483
42833484
42833485
42833486
42833487
42833488
42833489
42833490
42833491
42833492
42833493
42833494
42833495
42833496
42833502
42833503
42833508
42833509
42833510
42833544
42833546
42833547
42833548
42833549
42833571
42833595
42833596
42833656
42833658
42833660
42833666
42833668
42833669
42833674
42833675
42833676
42833677
42833678
42833679
42833682
42833683
42833684
42833705
42833774
42833775
42833776
42833777
42833778
42833779
42833857
42833870
42833871
42833872
42833873
42833874
42833877
42833878
42833879
42833886
42833894
42833948
42833964
42834001
42834005
42834008
42834011
42834086
42834094
42834100
42834112
42834113
42834154
42834155
42834156
42834157
42834189
42834192
42834197
42834201
42834202
42834228
42834229
42834393
42834405
42834412
42834433
42834437
42834445
42834524
42834538
42834642
42834674
42834703
42834710
42834738
42834810
42834837
42834840
42834856
42834860
42834862
42834866
42834923
42834924
