42595741
42595744
42595751
42595785
42595786
42595788
42595794
42595798
42595807
42595820
42595821
42595822
42595823
42595824
42595834
42595835
42595836
42595841
42595842
42595843
42595846
42595847
42595890
42595904
42596012
42596015
42596017
42596019
42596027
42596052
42596103
42596562
42596577
42596600
42596616
42596621
42596638
42596662
42596674
42596676
42596691
42596692
42596724
42596725
42596726
42596785
42596865
42596909
42598480
42598740
42598743
42598746
42598766
42598769
42598771
42598772
42598773
42598778
42598786
42598794
42598806
42598816
42598827
42598832
42598843
42598849
42598875
42598969
42598970
42598971
42598975
42598976
42598978
42598997
42599027
42599028
42599029
42599044
42599047
42599048
42599144
42599153
42599160
42599162
42599165
42599166
42599167
42599199
42599203
42599204
42599212
42599213
42599214
42599215
42599259
42599693
42599694
42599697
42599714
42599717
42599724
42599726
42599727
42599728
42599729
42599730
42599731
42599732
42599733
42599736
42599753
42599754
42599759
42599762
42599792
42599817
42599819
42599822
42599869
42599871
42599911
42599916
42600051
42600055
42600069
42600074
42600084
42600089
42600090
42600096
42600098
42600099
42600102
42600111
42600112
42600114
42600120
42600130
42600133
42600150
42600160
42600162
42600164
42600165
42600262
42600263
42600264
42600507
42600508
42600565
42600566
42600567
42600623
42600624
42600625
42600626
42600629
42600630
42600671
42600674
42600675
42600747
42600748
42600749
42600750
42600751
42600766
42600767
42600768
42600769
42600771
42600825
42600877
42600878
42600879
42600880
42600881
42600882
42600883
42600884
42600885
42600886
42600887
42600888
42600899
42600900
42600944
42600971
42600972
42601016
42601017
42601018
42601019
42601020
42601021
42601028
42601082
42601083
42601084
42601088
42601089
42601090
42601091
42601107
42601184
42601191
42601192
42601213
42601214
42601275
42601277
42601278
42601320
42601332
