42601376
42601385
42601395
42601463
42601464
42601465
42601466
42601467
42601480
42601484
42601486
42601487
42601488
42601620
42601631
42601648
42601653
42601655
42601656
42601657
42601660
42601661
42601664
42601668
42601669
42601786
42601789
42601791
42601802
42601807
42601820
42601824
42601846
42602352
42602446
42602450
42602895
42602902
42603163
42603165
42603414
42603558
42603559
42603580
42603601
42603602
42603603
42603604
42603659
42603686
42603701
42603715
42603716
42603717
42603718
42603719
42603720
