42669759
42669763
42669851
42669855
42669876
42669887
42669901
42669938
42669939
42669956
42670075
42670076
42670152
42670189
42670194
42670198
42670204
42670215
42670232
42670280
42670281
42670285
42670292
42670293
42670296
42670350
42670491
42670644
42670648
42670731
42670732
42670733
42670734
42670735
42670736
42670740
42670741
42670742
42670744
42670752
42670759
42670784
42670881
42670946
42670947
42670948
42670954
42670955
42670956
42670961
42670962
42670963
42670964
42670965
42670967
42670968
42670974
42670975
42670977
42670979
42670980
42670986
42670987
42670988
42670989
42671012
42671021
42671038
42671042
42671055
42671070
42671071
42671089
42671111
42671112
42671117
42671122
42671123
42671129
42671130
42671134
42671140
42671143
42671161
42671163
42671173
42671242
42671259
42671261
42671333
42671337
42671343
42671353
42671358
42671367
42671368
42671369
42671370
42671371
42671435
42671480
42671571
42671609
42671610
42671611
42671794
42671796
42671811
42671814
42671833
42671846
42671848
42671851
42671852
42671854
42671855
42671856
42671857
42671858
42671859
42671860
42671861
42671862
42671863
42671864
42671865
42671879
42671886
42671887
42671891
42671894
42671896
42672055
42672324
42672325
42672326
42672327
42672328
42672329
42672534
42672932
42672933
42672934
42672935
42672936
42672937
42672938
42672939
42672940
42672942
42672943
42672945
42672946
42672947
42672948
42672949
42672950
42672951
42672952
42672953
42672954
42672955
42672956
42672957
42672958
42672959
42672960
42672961
42672962
42672963
42672964
42672965
42672967
42672968
42672969
42672970
42672971
42672972
42672973
42672974
42672975
42672976
42672977
42672978
42672979
42672980
42672981
42672982
42672983
42672984
42672985
42672986
42672987
42672988
42672989
42672990
42672991
42672992
42672993
42672994
42672995
42672996
42672997
42672998
42672999
42673000
42673001
42673002
42673003
42673004
42673005
42673006
42673007
42673008
42673009
42673010
42673011
42673012
42673013
42673014
42673015
42673016
42673017
42673018
42673019
42673020
42673021
42673022
42673023
42673024
42673025
42673026
42673027
42673028
42673029
42673030
42673031
42673032
42673033
42673034
42673036
42673037
42673038
42673039
42673040
42673041
42673042
42673043
42673044
42673045
42673046
42673047
42673048
42673049
42673050
42673051
42673052
42673053
42673054
42673055
42673056
42673057
42673058
42673059
42673060
42673061
42673062
42673063
42673064
42673065
42673066
42673067
42673068
42673069
42673070
42673071
42673072
42673073
42673074
42673075
42673076
42673077
42673078
42673079
42673080
42673081
42673083
42673084
42673085
42673086
42673087
42673088
42673089
42673090
42673091
42673092
42673093
42673094
42673095
42673096
42673097
42673098
42673099
42673100
42673101
42673102
42673103
42673113
42673114
42673115
42673116
42673117
42673118
42673119
42673120
42673121
42673122
42673123
42673124
42673125
42673126
42673127
42673128
42673129
42673130
42673131
42673132
42673134
42673135
42673136
42673137
42673138
42673139
42673140
42673141
42673142
42673145
42673147
42673148
42673149
42673150
42673151
42673152
42673153
42673154
42673155
42673156
42673157
42673158
42673159
42673160
42673161
42673162
42673163
42673164
42673165
42673166
42673167
42673168
42673169
42673170
42673171
42673172
42673173
42673174
42673175
42673176
42673177
42673178
42673179
42673180
42673181
42673182
42673183
42673184
42673185
42673186
42673187
42673188
42673189
42673190
42673191
42673192
42673193
42673194
42673195
42673196
42673197
42673198
42673199
42673200
42673201
42673202
42673203
42673204
42673205
42673206
42673207
42673208
42673209
42673210
42673211
42673212
42673213
42673214
42673215
42673216
42673217
42673218
42673219
42673220
42673221
42673222
42673223
42673224
42673225
42673226
42673227
42673228
42673229
42673230
42673231
42673232
42673233
42673234
42673235
42673236
42673237
42673238
42673239
42673240
42673241
42673242
42673243
42673244
42673245
42673246
42673247
42673248
42673249
42673250
42673251
42673252
42673253
42673254
42673255
42673256
42673257
42673258
42673259
42673260
42673261
42673262
42673263
42673264
42673265
42673266
42673267
42673268
42673269
42673270
42673271
42673272
42673273
42673275
42673277
42673278
42673279
42673280
42673282
42673284
42673285
42673286
42673287
42673288
42673289
42673290
42673291
42673292
42673293
42673294
42673295
42673296
42673297
42673298
42673299
42673300
42673301
42673302
42673303
42673304
42673305
42673306
42673307
42673308
42673309
42673310
42673311
42673312
42673316
42673319
42673320
42673321
42673322
42673323
42673324
42673325
42673326
42673327
42673328
42673329
42673330
42673331
42673332
42673333
42673334
42673335
42673336
42673337
42673339
42673340
42673341
42673342
42673343
42673344
42673345
42673346
42673347
42673349
42673350
42673351
42673353
42673354
42673355
42673357
42673358
42673359
42673360
42673362
42673363
42673364
42673365
42673367
42673368
42673369
42673370
42673371
42673372
42673373
42673374
42673375
42673376
42673377
42673378
42673379
42673380
42673381
42673382
42673383
42673384
42673385
42673386
42673387
42673388
42673389
42673390
42673391
42673392
42673393
42673394
42673395
42673396
42673397
42673398
42673399
42673400
42673401
42673402
42673403
42673404
42673405
42673406
42673407
42673408
42673409
42673410
42673411
42673412
42673413
42673414
42673415
42673416
42673417
42673418
42673419
42673420
42673421
42673422
42673423
42673424
42673425
42673426
42673427
42673428
42673429
42673430
42673431
42673432
42673433
42673435
42673436
42673437
42673439
42673440
42673441
42673443
42673445
42673470
42673475
42673476
42673477
42673479
42673480
42673484
42673485
42673488
42673489
42673491
42673495
42673497
42673499
42673500
42673504
42673505
42673506
42673508
42673510
42673511
42673512
42673513
42673514
42673515
42673553
42673554
42673559
42673560
42673581
42673585
42673586
42673587
42673588
42673589
42673590
42673591
42673592
42673593
42673594
42673595
42673596
42673597
42673598
42673599
42673600
42673601
42673602
42673603
42673604
42673605
42673673
42673704
42673705
42673840
42673898
42673946
42673947
42673980
42673981
42673982
42673983
42673984
42673985
42673986
42674073
42674074
42674075
42674076
42674077
42674078
42674079
42674080
42674081
42674092
42674162
42674184
42674240
42674265
42674280
42674297
42674298
42674304
42674305
42674306
42674307
42674346
42674566
42674585
42674586
42674587
42674588
42674589
42674590
42674591
42674592
42674593
42674594
42674595
42674606
42674608
42674622
42674727
42674728
42674729
42674730
42674853
42674859
42674914
42674969
42675051
42675121
42675122
42675130
42675131
42675132
42675133
42675139
42675140
42675141
42675142
42675144
42675170
42675172
42675178
42675179
42675216
42675218
42675244
42675486
42675550
42675556
42675558
42675559
42675560
42675561
42675562
42675563
42675572
42675865
42675966
42676008
42676099
42676100
42676101
42676102
42676103
42676119
42676157
42676223
42676236
42676284
42676296
42676297
