42813090
42813117
42813248
42813282
42813366
42813385
42813498
42813511
42813566
42813616
42813619
42813648
42813660
42813691
42813704
42813712
42813715
42813716
42813717
42813718
42813719
42813832
42813840
42813845
42813910
42813914
42813922
42813947
42813950
42813957
42813972
42813981
42813998
42813999
42814016
42814025
42814044
42814045
42814046
42814073
42814074
42814075
42814076
42814106
42814129
42814151
42814152
42814155
42814396
42814400
42814401
42814414
42814416
42814417
42814418
42814419
42814420
42814421
42814422
42814423
42814424
42814425
42814426
42814427
42814428
42814430
42814431
42814432
42814433
42814434
42814435
42814436
42814437
42814439
42814440
42814442
42814443
42814444
42814445
42814447
42814449
42814450
42814451
42814453
42814455
42814456
42814457
42814458
42814505
42814506
42814509
42814523
42814533
42814579
42814612
42814616
42814629
42814672
42814741
42814749
42814758
42814849
42814853
42814859
42814861
42814865
42814876
42814885
42814894
42814907
42814908
42814909
42814910
42814911
42814912
42814918
42814924
42814928
42814929
42814930
42814931
42814932
42814933
42814934
42814935
42814936
42814937
42814938
42814939
42814940
42814941
42814942
42814943
42814944
42814945
42814946
42814948
42814951
42814954
42814956
42814987
42814989
42814996
42814997
42815003
42815033
42815034
42815156
42815157
42815159
42815199
42815460
42815467
42815468
42815496
42815497
42815498
42815499
42815500
42815501
42815502
42815503
42815506
42815507
42815510
42815511
42815512
42815513
42815592
42815627
42815674
42815675
42815711
42815779
42815795
42815796
42815801
42815802
42815831
42815834
42815839
42815853
42815880
42815881
42815906
42815921
42815970
42815972
42815973
42815974
42815977
42815978
42815979
42815980
42815981
42815982
42815984
42815994
42815995
42815996
42815997
42816057
42816058
42816059
42816117
42816142
42816146
42816155
42816229
42816237
42816245
42816418
42816438
42816440
42816443
42816446
42816448
42816449
42816455
42816478
42816501
42816517
42816538
42816539
42816562
42816563
42816564
42816567
42816569
42816571
42816572
42816573
42816595
42816596
42816607
42816609
42816612
42816614
42816619
42816624
42816625
42816626
42816627
42816628
42816773
42816824
42816825
42816826
42816827
42816871
42816873
42816952
42816959
42817026
42817027
42817075
42817078
42817178
42817197
42817580
42817581
42817582
42817590
42817591
42817702
42817713
42817714
42817715
42817716
42817717
42817718
42817719
42817750
42817751
42817752
42817826
42817830
42817837
42817838
42817840
42817842
42817843
42817844
42817845
42817846
42817847
42817848
42817849
42817850
42817851
42817852
42817855
42817856
42817857
42817866
