42629330
42629379
42629380
42629385
42629386
42629387
42629389
42629390
42629391
42629427
42629428
42629429
42629454
42629461
42629462
42629464
42629465
42629466
42629467
42629468
42629480
42629481
42629482
42629564
42629591
42629604
42629606
42629608
42629624
42630001
42630023
42630068
42630531
42630783
42630788
42630808
42630847
42631085
42631095
42631106
42631119
42631290
42631371
42631376
42631507
42631513
42631516
42631537
42631552
42631559
42631678
42631688
42631695
42631926
42631931
42631978
42632175
42632181
42632219
42632220
42632221
42632343
42632344
42632406
42632417
42632418
42632419
42632420
42632421
42632487
42632488
42632503
42632504
42632505
42632506
42632507
42632508
42632515
42632516
42632517
42632518
42632519
42632566
42632582
42632785
42632786
