42727729
42727986
42727987
42727988
42728013
42728311
42728379
42728380
42728381
42728388
42728394
42728410
42728411
42728417
42728608
42728619
42728746
42728766
42728775
42728831
42728832
42728836
42728837
42728838
42728864
42730067
42730489
42730498
42730507
42730607
42730612
42730651
42730652
42730719
42730742
42730744
42730745
42730746
42730941
42731347
42731348
42731390
42731391
42731460
42731461
42731624
42731625
42731626
42731627
42731628
42731629
42731630
42731631
42731694
42731695
42731699
42731700
42731701
42731702
42731704
42731705
42731770
42731771
42731772
42731773
42731911
42731912
42731913
42731914
42731915
42731987
42731988
42731989
42731994
42732012
42732362
