42552360
42552370
42552371
42552380
42552389
42552392
42552415
42552416
42552417
42552418
42552419
42552420
42552421
42552431
42552435
42552437
42552439
42552511
42552571
42552572
42552619
42552789
42552812
42552830
42552884
42552885
42552886
42552887
42552888
42553459
42553584
42554048
42554290
42554323
42554380
42554381
42554382
42554383
42554384
42554385
42554386
42554387
42554388
42554389
42554406
42554407
42554408
42554428
42554434
42554438
42554526
42554527
42554528
42554529
42554530
42554531
42554532
42554535
42554536
42554537
42554538
42554539
42554540
42554542
42554543
42554576
42554577
42554580
42554585
42554593
42554605
42554625
42554627
42554628
42554637
42554646
42554662
42554667
42554679
42554707
42554717
42554718
42554719
42554760
42554800
42554802
42554806
42554977
42554978
42554993
42554995
42554996
42554997
42555000
42555004
42555005
42555007
42555008
42555011
42555012
42555014
42555016
42555018
42555019
42555020
42555026
42555027
42555029
42555031
42555034
42555035
42555036
42555037
42555052
42555053
42555054
42555056
42555059
42555138
42555205
42555210
42555213
42555229
42555244
42555296
42555299
42555304
42555312
42555313
42555514
42555516
42555521
42555523
42555660
42555822
42555832
42555845
42555867
42555870
42555872
42555875
42555876
42555881
42555884
42555885
42555886
42555887
42555888
42555889
42555890
42555891
42555895
42555897
42555899
42555918
42555931
42555934
42555935
42555936
42555937
42555938
42555939
42555940
42555941
42555942
42555943
42555944
42555945
42555946
42555947
42555948
42555949
42555950
42555951
42555962
