42613377
42613414
42613415
42613416
42613417
42613432
42613433
42613434
42613435
42613442
42613443
42613453
42613476
42613481
42613482
42613623
42613656
42613661
42613668
42613718
42613732
42613738
42613747
42613755
42613756
42613770
42613778
42613916
42613928
42613958
42613968
42613992
42613998
42614105
42614576
42614610
42614991
42615102
42615117
42615120
42615123
42615213
42615224
42615230
42615232
42615349
42615361
42615440
42615441
42615442
42615443
42615476
42615526
42615533
42615534
42615562
42615600
42615644
42615645
42615797
42615798
42615799
42615800
42615801
42615802
42615835
42615838
42615842
42615860
42615945
42615946
42615953
42615954
42615955
42615956
42615957
42615958
42615959
42615960
42615986
42615990
42615995
42616007
42616010
42616037
42616081
42616082
42616488
42616490
42616491
42616492
42616493
42616494
42616495
42616496
42616509
42616511
42616512
42616513
42616514
42616515
42616527
42616528
42616529
42616530
42616531
42616532
42616533
42616534
42616535
42616536
42616537
42616538
42616540
42616541
42616542
42616544
42616545
42616546
42616547
42616548
42616549
42616550
42616551
42616552
42616553
42616554
42616578
42616587
42616588
42616589
42616593
42616595
42616596
42616615
42616616
42616634
42616665
42616666
42616679
42616850
42616851
42616854
42617035
42617040
42617044
42617047
42617064
42617069
42617095
42617111
42617115
42617116
42617117
42617118
42617119
42617120
42617121
42617122
42617123
42617124
42617125
42617126
42617127
42617128
42617129
42617130
42617131
42617132
42617140
42617144
42617145
42617146
42617155
42617188
42617298
42617299
42617313
42617394
42617600
42617601
42617602
42617612
42617613
42617614
42617615
42617617
42617618
42617619
42617620
42617621
42617622
42617623
42617624
42617625
42617626
42617627
42617628
42617695
42617696
42617697
42617698
42617701
42617733
42617751
42617784
42617785
42617786
42617787
42617788
42617789
42617793
42617794
42617795
42617827
42617831
42617836
42617837
42617918
42617919
42617950
42618024
42618044
42618050
42618056
42618057
42618062
42618068
42618069
42618071
42618072
42618073
42618075
42618076
42618078
42618080
42618081
42618082
42618083
42618085
42618086
42618137
42618138
42618139
42618140
42618141
42618142
42618143
42618144
42618171
42618172
42618173
42618174
42618175
42618176
42618177
42618178
42618179
42618180
42618181
42618182
42618183
42618184
42618185
42618186
42618187
42618188
42618189
42618190
42618191
42618192
42618326
42618334
42618335
42618391
42618392
42618393
42618402
42618420
42618449
42618450
42618515
42618523
42618530
42618535
42618536
42618537
