42707204
42707694
42707979
42708072
42708179
42708181
42708184
42708185
42708190
42708197
42708210
42708217
42708224
42708416
42708469
42708471
42708472
42708473
42708478
42708497
42708510
42708515
42708516
42708518
42708556
42708560
42708561
42708618
42708622
42708806
42708808
42708838
42708883
42708885
42709001
42709038
42709055
42709056
42709073
42709427
42709428
42709429
42709430
42709431
42709433
42709442
42709443
42709444
42709445
42709446
42709447
42709448
42709450
42709451
42709452
42709453
42709454
42709456
42709457
42709460
42709461
42709474
42709524
42709525
42709576
42709581
42709582
42709597
42709598
42709599
42709600
42709601
42709602
42709603
42709604
42709605
42709606
42709607
42709608
42709609
42709610
42709612
42709626
42709640
42709660
42709847
42709912
42709913
42709914
42709915
42709916
42709917
42709918
42709919
42709964
42709968
42709974
42709977
42709996
42709998
42709999
42710003
42710025
42710028
42710029
42710036
42710049
42710062
42710064
42710075
42710088
42710091
42710165
42710187
42710188
42710189
42710228
42710230
42710277
42710385
42710509
42710510
42710511
42710512
42710513
42710514
42710516
42710517
42710518
42710519
42710520
42710521
42710522
42710523
42710524
42710525
42710526
42710611
42710614
42710729
42710730
42710743
42710769
42710770
42710771
42710796
42710816
42710822
42710838
42710877
42710878
42710892
42710908
42710909
42710910
42710911
42710912
42710914
42710915
42710916
42710917
42710918
42710919
42710920
42710921
42710922
42710923
42710924
42710993
42711093
42711094
42711096
42711157
42711201
42711384
42711387
42711388
42711406
42711407
42711408
42711409
42711410
42711413
42711414
42711417
42711451
42711452
42711465
42711520
42711561
42711562
42711563
42711564
42711565
42711566
42711696
42711746
42711747
42711748
42711749
42711750
42711751
42711758
