42637815
42637816
42637817
42637818
42637819
42637875
42637876
42637877
42637878
42637879
42637916
42637919
42637935
42637966
42638036
42638037
42638040
42638074
42638076
42638126
42638131
42638160
42638161
42638163
42638166
42638186
42638189
42638201
42638216
42638217
42638218
42638223
42638274
42638312
42638324
42638345
42638355
42638479
42638524
42638551
42638578
42639644
42639654
42639656
42639666
42639670
42639671
42639673
42639676
42639679
42639840
42639955
42640011
42640040
42640043
42640050
42640052
42640090
42640154
42640155
42640156
42640178
42640180
42640231
42640249
42640451
42640456
42640496
42640505
42640538
42640541
42640543
42640544
42640547
42640548
42640550
42640552
42640566
42640567
42640578
42640586
42640614
42640626
42640647
42640685
42640716
42640718
42640730
42640732
42640734
42640739
42640777
42640814
42640816
42640841
42640848
42640855
42640858
42640859
42640860
42641116
42641122
42641124
42641130
42641154
42641156
42641160
42641163
42641197
42641198
42641199
42641254
42641371
42641372
42641422
42641508
42641509
42641597
42641631
42641632
42641633
42641634
42641635
42641636
42641638
42641639
42641640
42641641
42641684
42641691
42641811
42641812
42641842
42641878
42641901
42641902
42641904
42641918
42641919
42641920
42641921
42641934
42641954
42641992
42642024
42642037
42642045
42642071
42642074
42642075
42642076
42642077
42642089
42642090
42642091
42642104
42642105
42642106
42642107
42642109
42642216
42642217
42642218
42642219
42642220
42642221
42642222
42642225
42642226
42642264
42642265
42642301
42642311
42642312
42642339
42642342
42642345
42642346
42642349
42642351
42642354
