42695153
42695174
42695336
42695449
42695495
42695499
42695529
42695539
42695544
42695571
42695608
42695673
42695674
42695749
42695753
42695757
42695759
42695761
42695793
42695806
42695954
42695955
42695956
42695957
42695959
42695960
42695961
42695962
42695966
42695977
42695979
42695986
42695987
42695989
42695992
42696001
42696002
42696003
42696007
42696041
42696070
42696270
42696287
42696288
42696289
42696290
42696291
42696292
42696293
42696295
42696296
42696297
42696387
42696389
42696404
42696416
42696420
42696428
42696459
42696464
42696514
42696525
42696604
42696630
42696683
42696684
42696685
42696686
42696687
42696689
42696695
42696705
42696706
42696708
42696715
42696728
42696732
42696841
42696936
42697096
42697097
42697098
42697099
42697202
42697203
42697208
42697209
42697210
42697212
42697213
42697214
42697215
42697216
42697217
42697218
42697219
42697263
42697264
42697265
42697266
42697268
42697269
42697270
42697303
42697304
42697305
42697306
42697307
42697336
42697365
42697444
42697466
42697467
42697488
42697489
42697506
42697507
42697519
42697584
42697586
42697587
42697588
42697589
42697591
42697592
42697594
42697691
42697698
42697699
42697703
42697714
42697794
42697827
42697828
42697829
42697840
42697852
42697860
42697900
42697901
42697919
42697920
42697921
42697922
42697923
42697924
42697931
42697932
42697934
42697935
42697954
42697966
42697968
42697969
42698068
42698230
42698276
42698345
