42666913
42667087
42667155
42667156
42667169
42667206
42667209
42667228
42667231
42667241
42667259
42667274
42667275
42667277
42667283
42667303
42667383
42667390
42667391
42667601
42667602
42667604
42667608
42667611
42667612
42667613
42667614
42667692
42667747
42667748
42667934
42667978
42667992
42667993
42667994
42667995
42667996
42668061
42668062
42668063
42668103
42668120
42668139
42668270
42668271
42668272
42668278
42668279
42668280
42668281
42668282
42668283
42668287
42668320
42668321
42668423
42668424
42668425
42668426
42668430
42668431
42668439
42668440
42668442
42668462
42668620
42668628
42668642
42668645
42668650
42669031
