42852072
42852467
42852477
42852495
42852497
42852504
42852505
42852541
42852561
42852565
42852573
42852734
42852800
42852813
42852815
42853007
42853008
42853033
42853042
42853068
42853071
42853076
42853127
42853152
42853153
42853154
42853163
42853164
42853165
42853166
42853167
42853196
42853204
42853211
42853381
42853556
42853560
42853563
42853575
42853576
42853577
42853578
42853579
42853580
42853581
42853582
42853585
42853589
42853590
42853614
42853616
42853622
42853623
42853647
42853648
42853650
42853653
42853655
42853668
42853674
42853735
42853971
42853976
42853978
42853979
42853981
42853985
42854111
42854173
42854175
42854193
42854194
42854236
42854306
42854307
42854623
42854624
42854693
42854694
42854695
42854696
42854697
42854702
42854705
42854706
42854707
42854710
42854770
42854771
42854772
42854773
42854774
42854775
42854782
42854846
42854847
42854853
42854854
42854861
42854881
42854882
42854883
42854884
42854885
42854886
42854951
42855034
42855035
42855036
42855107
42855108
42855109
42855125
42855126
42855127
42855144
42855153
42855159
42855164
42855175
42855176
42855179
42855180
42855181
42855182
42855183
42855184
42855185
42855186
42855187
42855188
42855189
42855190
42855191
42855192
42855193
42855194
42855195
42855196
42855197
42855198
42855225
42855226
42855274
42855281
42855291
42855303
42855304
42855418
42855426
42855456
42855462
42855463
42855464
42855470
42855471
42855472
42855473
42855474
42855477
42855492
42855499
42855500
42855579
42855584
42855585
42855593
42855611
42855735
42855813
42855830
42855832
42855844
42855850
42855936
42855974
42855976
42856041
42856043
42856047
42856061
