42845267
42845268
42846979
42846987
42847177
42847182
42847186
42847187
42847190
42847193
42847311
42847313
42847425
42847426
42847529
42847549
42847596
42847597
42847610
42847641
42847657
42847663
42847667
42847677
42847724
42847727
42847768
42847889
42847907
42847921
42847926
42847978
42848203
42848204
42848205
42848316
42848319
42848320
42848340
42848342
42848343
42848344
42848364
42848365
42848366
42848367
42848369
42848370
42848371
42848372
42848373
42848374
42848375
42848376
42848377
42848378
42848380
42848381
42848383
42848384
42848386
42848387
42848388
42848389
42848390
42848391
42848392
42848393
42848409
42848412
42848413
42848414
42848433
42848441
42848450
42848454
42848458
42848474
42848488
42848492
42848583
42848614
42848845
42848851
42848887
42848896
42848926
42848928
42848933
42848938
42848956
42848958
42848963
42848964
42848965
42848966
42848967
42848968
42848969
42848970
42848971
42848972
42848973
42848974
42848975
42848976
42848979
42848980
42848981
42848983
42848987
42848989
42848990
42848991
42848992
42848993
42848994
42848995
42848996
42849027
42849032
42849035
42849036
42849038
42849039
42849058
42849063
42849298
42849324
42849325
42849328
42849441
42849444
42849445
42849446
42849447
42849448
42849449
42849461
42849462
42849463
42849464
42849465
42849466
42849467
42849468
42849469
42849470
42849471
42849472
42849473
42849474
42849475
42849476
42849478
42849483
42849486
42849487
42849488
42849489
42849490
42849491
42849492
42849493
42849513
42849561
42849606
42849607
42849682
42849683
42849725
42849742
42849743
42849744
42849745
42849746
42849747
42849748
42849749
42849763
42849764
42849789
42849790
42849793
42849807
42849808
42849809
42849833
42849862
42849863
42849910
42849911
42849923
42849924
42849925
42849926
42849927
42849930
42849932
42849933
42849934
42849935
42849936
42849938
42849939
42849995
42849996
42849997
42849998
42849999
42850000
42850001
42850002
42850003
42850004
42850005
42850006
42850007
42850008
42850009
42850010
42850011
42850012
42850013
42850014
42850015
42850016
42850017
42850018
42850019
42850020
42850021
42850022
42850031
42850032
42850047
42850050
42850051
42850058
42850059
42850060
42850067
42850159
42850161
42850162
42850163
42850164
42850208
42850268
42850290
42850324
42850348
42850349
42850350
42850355
42850356
42850357
42850358
42850359
42850360
42850361
42850362
42850363
42850364
42850399
42850400
42850401
42850424
42850439
42850564
42850566
42850570
42850571
42850580
42850620
42850644
42850653
42850694
42850700
42850763
42850800
42850944
42851015
42851021
42851074
42851209
