42761229
42761474
42761496
42762080
42762476
42762537
42762540
42762544
42762558
42762559
42762560
42762561
42762596
42762597
42762598
42762659
42762939
42762940
42762941
42762942
42762943
42762944
42762945
42762946
42762982
42762983
42762984
42762985
42762986
42762987
42762991
42762992
42762993
42762994
42762995
42762996
42762997
42762998
42762999
42763027
42763028
42763035
42763036
42763223
42763270
42763316
42763317
42763318
42763319
42763338
42763339
42763340
42763341
42763342
42763435
42763782
42763784
42763785
