42689322
42689323
42689324
42689330
42689339
42689341
42689359
42689378
42689419
42689420
42689432
42689521
42689548
42689864
42689868
42689944
42689950
42689953
42690057
42690062
42690135
42690136
42690137
42690141
42690147
42690150
42690158
42690186
42690202
42690203
42690206
42690230
42690231
42690264
42690545
42690610
42690618
42690619
42690628
42690633
42690634
42690635
42690636
42690637
42690638
42690640
42690642
42690644
42690645
42690647
42690649
42690650
42690651
42690652
42690655
42690656
42690657
42690667
42690668
42690669
42690670
42690671
42690672
42690673
42690674
42690675
42690689
42690735
42690740
42690761
42690763
42690764
42690909
42690911
42690913
42690918
42690921
42690923
42690926
42690927
42690929
42690945
42691013
42691138
42691142
42691158
42691159
42691162
42691172
42691178
42691180
42691182
42691184
42691185
42691189
42691226
42691229
42691232
42691240
42691271
42691315
42691320
42691325
42691326
42691327
42691330
42691332
42691340
42691341
42691427
42691428
42691429
42691430
42691431
42691436
42691439
42691441
42691442
42691443
42691444
42691445
42691446
42691447
42691448
42691449
42691452
42691461
42691463
42691466
42691467
42691468
42691469
42691470
42691555
42691732
42691733
42691741
42691743
42691793
42691794
42691795
42692024
42692026
42692027
42692028
42692029
42692030
42692031
42692032
42692033
42692034
42692035
42692036
42692037
42692038
42692039
42692040
42692041
42692042
42692043
42692044
42692045
42692046
42692047
42692111
42692112
42692113
42692114
42692115
42692118
42692131
42692132
42692140
42692141
42692142
42692143
42692144
42692160
42692167
42692180
42692184
42692190
42692236
42692287
42692288
42692314
42692315
42692316
42692317
42692318
42692319
42692320
42692321
42692322
42692323
42692354
42692355
42692356
42692357
42692372
42692463
42692476
42692477
42692479
42692483
42692484
42692485
42692486
42692487
42692488
42692489
42692490
42692491
42692493
42692494
42692495
42692793
42692815
42692817
42692920
42692951
42692952
42692953
42693082
42693159
42693160
42693161
42693162
42693163
42693176
42693177
42693190
42693225
42693226
42693227
42693228
42693229
42693230
42693246
42693279
42693298
42693299
42693300
42693464
42693466
42693471
42693491
42693496
42693506
42693512
42693518
42693572
42693600
42693605
42693699
42693703
42693760
42693930
42693935
42693937
42693941
42693943
42693948
42693960
