42723606
42723608
42723611
42723627
42723634
42725362
42725585
42725622
42725623
42725640
42725641
42725660
42725662
42725665
42725666
42725667
42725669
42725704
42725818
42725819
42725825
42725835
42725838
42725840
42725863
42725885
42725887
42725893
42725894
42725895
42725908
42725909
42725910
42725911
42726023
42726032
42726047
42726048
42726051
42726052
42726058
42726059
42726092
42726095
42726099
42726101
42726103
42726104
42726138
42726276
42726487
42726490
42726491
42726492
42726493
42726494
42726495
42726496
42726497
42726498
42726499
42726501
42726503
42726506
42726513
42726514
42726515
42726516
42726603
42726647
42726664
42726670
42726695
42726697
42726813
42726927
42727020
42727028
42727038
42727039
42727040
42727041
42727042
42727044
42727066
42727068
42727078
42727086
42727091
42727095
42727109
42727528
42727581
42727582
42727583
42727584
42727585
42727586
42727589
42727590
42727591
42727592
42727637
42727684
42727697
42727698
42727699
42727700
42727701
42727702
42727703
42727704
42727722
42727723
42727778
42727779
42727780
42727781
42727782
42727783
42727784
42727785
42727786
42727819
42727820
42727821
42727860
42727907
42727946
42727947
42727948
42727949
42727950
42727951
42727952
42727954
42727955
42727956
42727957
42727961
42727964
42727973
42727974
42727975
42727976
42727977
42727989
42728021
42728026
42728027
42728028
42728029
42728030
42728031
42728039
42728040
42728065
42728114
42728141
42728203
42728267
42728310
42728312
42728313
42728315
42728316
42728317
42728318
42728348
