42803007
42803008
42803009
42803010
42803106
42803177
42803182
42803192
42803273
42803275
42803282
42803299
42803303
42803308
42803375
42803380
42803385
42803386
42803394
42803396
42803435
42803437
42803444
42803447
42803449
42803456
42803460
42803462
42803463
42803467
42803494
42803495
42803497
42803509
42803513
42803522
42803578
42803590
42803592
42803594
42803639
42803640
42803740
42803808
42803809
42803888
42803955
42804161
42804162
42804164
42804168
42804169
42804170
42804171
42804173
42804174
42804175
42804176
42804177
42804178
42804179
42804180
42804183
42804184
42804186
42804187
42804189
42804190
42804193
42804194
42804195
42804196
42804197
42804199
42804200
42804201
42804202
42804215
42804217
42804221
42804222
42804223
42804224
42804225
42804277
42804410
42804551
42804552
42804553
42804554
42804555
42804556
42804557
42804558
42804559
42804560
42804562
42804563
42804564
42804565
42804566
42804567
42804568
42804569
42804570
42804571
42804572
42804606
42804608
42804609
42804610
42804611
42804612
42804664
42804715
42804720
42804723
42804747
42804753
42804756
42804768
42804769
42804770
42804771
42804772
42804773
42804774
42804856
42804857
42804937
42805136
42805170
42805171
42805178
42805179
42805191
42805192
42805193
42805194
42805195
42805196
42805197
42805198
42805199
42805200
42805201
42805202
42805203
42805204
42805205
42805206
42805207
42805208
42805209
42805210
42805211
42805225
42805226
42805227
42805228
42805230
42805268
42805276
42805277
42805292
42805293
42805294
42805295
42805328
42805334
42805335
42805336
42805337
42805338
42805349
42805410
42805411
42805431
42805432
42805467
42805468
42805503
42805504
42805505
42805550
42805579
42805673
42805675
42805676
42805677
42805678
42805680
42805681
42805682
42805684
42805685
42805687
42805689
42805690
42805775
42805835
42806016
42806017
42806034
42806051
42806052
42806053
42806054
42806064
42806121
42806122
42806139
42806140
42806141
42806142
42806143
42806220
42806245
42806253
42806279
42806285
42806286
42806380
42806382
42806385
42806482
42806490
42806496
42806497
42806507
42806623
42806680
42806694
42806708
42806711
42806767
42806769
42806775
42806778
42806820
42806822
42806827
42806829
42806909
