42746258
42746514
42746519
42746522
42746528
42746687
42746803
42746845
42746846
42746847
42746850
42746855
42746859
42746860
42746865
42746866
42746869
42746878
42746881
42746896
42746901
42746965
42746968
42747024
42747029
42747063
42747066
42747067
42747070
42747229
42747244
42747246
42747255
42747256
42747257
42747258
42747259
42747260
42747290
42747291
42747294
42747316
42747322
42747340
42747354
42747372
42747373
42747374
42747375
42747417
42747423
42747434
42747435
42747438
42747447
42747448
42747449
42747450
42747454
42747464
42747794
42747795
42747803
42747804
42747805
42747806
42747807
42747808
42747809
42747810
42747812
42747813
42747814
42747815
42747816
42747817
42747818
42747819
42747820
42747821
42747822
42747825
42747826
42747827
42747828
42747829
42747831
42747832
42747833
42747834
42747835
42747836
42747838
42747839
42747840
42747841
42747842
42747844
42747846
42747847
42747848
42747849
42747850
42747851
42747865
42747866
42747867
42747868
42747869
42747872
42747893
42747895
42747916
42747922
42747923
42747940
42747941
42747945
42747947
42747951
42747952
42747953
42747954
42747973
42748002
42748047
42748069
42748281
42748285
42748333
42748361
42748375
42748380
42748384
42748386
42748388
42748389
42748393
42748394
42748395
42748421
42748424
42748427
42748428
42748429
42748430
42748431
42748432
42748433
42748434
42748435
42748436
42748437
42748438
42748439
42748440
42748441
42748442
42748443
42748444
42748445
42748446
42748447
42748448
42748449
42748450
42748484
42748499
42748500
42748507
42748530
42748531
42748532
42748533
42748560
42748577
42748587
42748588
42748665
42748913
42748914
42748921
42748943
42748944
42748946
42748947
42748948
42748951
42748952
42748978
42748979
42749033
42749042
42749052
42749053
42749057
42749058
42749059
42749060
42749061
42749062
42749063
42749101
42749102
42749213
42749238
42749239
42749240
42749241
42749245
42749246
42749265
42749283
42749285
42749288
42749300
42749306
42749307
42749308
42749312
42749313
42749314
42749315
42749316
42749360
42749361
42749362
42749363
42749380
42749473
42749474
42749475
42749476
42749559
42749590
42749685
42749686
42749687
42749752
42749757
42749762
42749763
42749769
42749774
42749775
42749776
42749777
42749778
42749797
42749798
42749802
42749803
42749805
42749806
42749807
42749809
42749812
42749837
42749887
42749888
42749889
42749890
42749916
42749920
42749927
42750044
42750053
42750058
42750105
42750133
42750166
42750171
42750175
42750180
42750225
42750255
42750319
42750343
42750441
42750466
42750468
42750469
42750470
42750472
42750474
42750478
42750481
42750483
42750485
42750490
42750491
42750540
42750542
42750547
42750557
42750568
42750572
42750573
42750574
42750610
42750631
42750637
42750640
42750649
