42717529
42717542
42717544
42717548
42717560
42717562
42717598
42717653
42717678
42717739
42717796
42717801
42717804
42717811
42717822
42717860
42717864
42717885
42717910
42719225
42719883
42719963
42719964
42719965
42719966
42719967
42719969
42719970
42719971
42719972
42719973
42719974
42719976
42719978
42719980
42719981
42719983
42719984
42719985
42720041
42720068
42720071
42720072
42720077
42720086
42720143
42720160
42720166
42720167
42720168
42720169
42720170
42720171
42720172
42720173
42720174
42720175
42720176
42720177
42720187
42720197
42720269
42720412
42720422
42720425
42720426
42720427
42720429
42720510
42720511
42720512
42720586
42720590
42720596
42720638
42720640
42720751
42720752
42720753
42720845
42720922
42720925
42720926
42720928
42720929
42720930
42720931
42720932
42720934
42720935
42720936
42720937
42720938
42720939
42720941
42720944
42720945
42720946
42720962
42720966
42720967
42720987
42720996
42721015
42721016
42721017
42721018
42721021
42721023
42721025
42721161
42721173
42721225
42721248
42721249
42721252
42721256
42721257
42721274
42721289
42721294
42721321
42721367
42721368
42721413
42721415
42721423
42721425
42721426
42721427
42721428
42721429
42721430
42721431
42721432
42721433
42721454
42721456
42721458
42721460
42721462
42721464
42721466
42721481
42721486
42721487
42721584
42721585
42721586
42721653
42721654
42721845
42721861
42721942
42721959
42721960
42721975
42721980
42721981
42721982
42721983
42721984
42721985
42721986
42721987
42721988
42721989
42721990
42721991
42721992
42721993
42721994
42721996
42721997
42721998
42721999
42722000
42722104
42722111
42722115
42722116
42722117
42722118
42722159
42722160
42722195
42722220
42722237
42722320
42722328
42722329
42722332
42722374
42722376
42722399
42722400
42722401
42722414
42722415
42722421
42722422
42722423
42722424
42722448
42722582
42722583
42722588
42722589
42722597
42722598
42722728
42722729
42722730
42722731
42722738
42722785
42722883
42722884
42722885
42722886
42722887
42722888
42722889
42723113
42723122
42723150
42723263
42723273
42723322
42723508
42723510
42723516
42723531
42723554
