42604917
42604979
42605001
42605002
42605053
42605056
42605058
42605074
42605145
42605152
42605165
42605178
42605187
42605189
42605192
42605199
42605207
42605219
42605227
42605497
42605518
42605523
42605527
42605535
42605540
42605541
42605542
42605543
42605544
42605549
42605679
42605684
42605736
42605750
42605778
42605809
42605840
42606000
42606006
42606012
42606016
42606025
42606079
42606163
42606187
42606188
42606189
42606190
42606191
42606192
42606299
42606312
42606323
42606335
42606345
42606392
42606394
42606404
42606498
42606500
42606502
42606524
42606528
42606540
42606571
42606838
42606839
42606844
42606845
42606846
42606847
42606848
42606849
42606850
42606854
42606855
42606871
42606872
42606873
42606874
42606875
42606876
42606877
42606878
42606879
42606880
42606881
42606882
42606883
42606884
42606885
42606886
42606900
42606902
42606905
42606942
42606943
42606944
42606945
42606965
42606966
42606967
42607060
42607072
42607078
42607117
42607118
42607119
42607120
42607121
42607128
42607268
42607280
42607281
42607282
42607286
42607303
42607304
42607305
42607306
42607307
42607308
42607309
42607310
42607311
42607314
42607315
42607316
42607317
42607318
42607319
42607320
42607321
42607322
42607323
42607324
42607325
42607618
42607676
42607695
42607696
42607697
42607698
42607699
42607700
42607703
42607732
42607733
42607734
42607735
42607736
42607737
42607745
42607746
42607762
42607763
42607804
42607805
42607806
42607832
42607833
42607834
42607853
42607913
42607914
42607922
42607923
42607925
42607948
42607949
42607950
42607951
42607952
42607953
42607954
42607955
42607959
42607960
42607961
42608018
42608027
42608028
42608058
42608060
42608061
42608062
42608081
42608082
42608110
42608111
42608112
42608113
42608114
42608115
42608144
42608161
42608162
42608163
42608166
42608172
42608178
42608179
42608180
42608294
42608317
42608320
42608321
42608322
42608323
42608326
42608327
42608328
42608332
42608333
42608342
42608350
