42547788
42547799
42547800
42547801
42547802
42547803
42547804
42547819
42547820
42547830
42547831
42547833
42547840
42547841
42547842
42547843
42547885
42548036
42548090
42548091
42548097
42548115
42548120
42548124
42548125
42548126
42548127
42548138
42548156
42548183
42548191
42548206
42548263
42548283
42548287
42548289
42549274
42549430
42549449
42549477
42549478
42549483
42549495
42549503
42549511
42549513
42549514
42549517
42549767
42549779
42549786
42549798
42549799
42549800
42549801
42549805
42549807
42549810
42549812
42549815
42549826
42549827
42549838
42549839
42549840
42549841
42549842
42549843
42549844
42549863
42549886
42549890
42549981
42549991
42549992
42550015
42550040
42550071
42550089
42550110
42550111
42550112
42550169
42550170
42550180
42550202
42550472
42550475
42550476
42550479
42550497
42550564
42550602
42550608
42550693
42550746
42550747
42550764
42550765
42550771
42550775
42550831
42550847
42550849
42550887
42550920
42550923
42550967
42550981
42550982
42550988
42550989
42550990
42550991
42550992
42550999
42551000
42551001
42551002
42551003
42551004
42551005
42551007
42551144
42551337
42551338
42551405
42551431
42551432
42551447
42551448
42551449
42551450
42551451
42551452
42551453
42551454
42551455
42551506
42551507
42551513
42551514
42551535
42551556
42551557
42551558
42551568
42551569
42551570
42551580
42551641
42551642
42551644
42551645
42551685
42551686
42551687
42551688
42551689
42551729
42551730
42551731
42551732
42551755
42551779
42551780
42551781
42551816
42551822
42551823
42551824
42551839
42551844
42551847
42551885
42551914
42551916
42551947
42551950
42551951
42551952
42551962
42551964
42551965
42551967
42551968
42552069
42552070
42552071
42552100
42552101
42552102
42552107
42552114
42552201
42552202
42552219
42552225
42552238
42552240
42552262
42552331
